Temperature, Humidity, Pressure, Altitude
23.872265625, 48.566079424120915, 979.6419217668273, 283.2594449477275
23.872265625, 48.566079424120915, 979.6419217668273, 283.2594449477275
23.89296875, 48.55477977537453, 979.6166887599601, 283.61578722105486
23.9083984375, 48.54389067644277, 979.6217622248712, 283.7742534355124
23.9083984375, 48.668501099839894, 979.6385433585816, 283.5736551285527
23.9291015625, 48.499197915167315, 979.6216973297502, 283.7178261158222
23.939453125, 48.7593217724862, 979.62157758493, 283.9039052757841
23.96015625, 48.62987994679355, 979.6468656464116, 283.43219395956424
23.9705078125, 48.296965085380656, 979.6401989042483, 283.73260248153395
24.0013671875, 48.42725530621559, 979.6382578719318, 283.54758086109644
24.0271484375, 48.489725841992744, 979.6518573397829, 283.73331459322134
24.0478515625, 48.303811543675124, 979.6416946171838, 283.5754948013607
24.0685546875, 48.349426794929116, 979.6214920226803, 283.56084298243616
24.083984375, 48.71159029135993, 979.6332448108633, 283.6777596644239
24.1201171875, 48.15801485395479, 979.6148794101705, 283.56419718707815
24.13046875, 48.43542552856083, 979.6464104753765, 283.57822685417636
24.15625, 48.1985658182267, 979.6278901881336, 283.70797844137104
24.1822265625, 48.15362394685898, 979.6480197671033, 283.7363739967096
24.202734375, 48.205196558225964, 979.6545940649677, 283.37934563431554
24.244140625, 48.09268121569463, 979.646104350102, 283.6238777516677
24.2646484375, 48.076101024718355, 979.6563369416458, 283.63670555757756
24.295703125, 47.98617940550134, 979.6662516135331, 283.43865493734404
24.3111328125, 47.87927615749334, 979.6160627501225, 283.6962881156466
24.347265625, 48.10026433857737, 979.6141016438243, 283.582892965589
24.3783203125, 47.83486139235591, 979.6526256931621, 283.59704025619396
24.409375, 47.84682828580516, 979.6171791226917, 283.82741425781137
24.4455078125, 47.68895674841578, 979.6424675046877, 283.70110271704385
24.4712890625, 47.695160912782214, 979.6103530341023, 283.8586183285383
24.50234375, 47.70127913943312, 979.6236018548935, 283.5720679030624
24.533203125, 47.61729286120387, 979.6185833210255, 283.7610280484011
24.574609375, 47.68566521920362, 979.6082213244285, 283.86271212952414
24.60546875, 47.556105735703646, 979.610050567353, 283.87849094071396
24.646875, 47.41484521586915, 979.606534625598, 283.89431676160086
24.6830078125, 47.12112482188293, 979.664810497414, 283.65086934454274
24.72421875, 47.29176300267111, 979.6328254276092, 283.6381067934643
24.744921875, 47.275204073144494, 979.649547295183, 283.7257077559051
24.7810546875, 47.111813974790515, 979.665948498302, 283.4107602367699
24.8275390625, 47.15763140608193, 979.6690972450274, 283.52722902870124
24.863671875, 46.76742310016017, 979.6221597130535, 283.71662182112476
24.91015625, 46.966601968864765, 979.641863881044, 283.6757107195176
24.9462890625, 46.88760582395273, 979.6451679487676, 283.763607811088
24.9927734375, 46.808920853415465, 979.6131169003684, 283.80711260363165
25.023828125, 46.88889921399428, 979.6095415705091, 283.81052799314307
25.0703125, 46.64582830389051, 979.626068424226, 283.81130105387547
25.101171875, 46.60110035580069, 979.5837710952768, 284.1300937427197
25.142578125, 46.45424034483675, 979.6119934343775, 283.81572721723296
25.194140625, 46.45484525715477, 979.6016630246929, 283.9328861028734
25.2302734375, 46.35919700170342, 979.6015224108135, 283.7919680154436
25.28203125, 46.325761156694725, 979.6213437798897, 283.7084804581837
25.338671875, 46.2188020156593, 979.5823449174086, 284.1426682367998
25.3697265625, 46.15109231631685, 979.5889491247834, 283.8856768739325
25.4212890625, 46.08961308041005, 979.6254804741767, 283.9629001531276
25.45234375, 45.96520819345193, 979.5646942219278, 284.1654647910176
25.4935546875, 45.670662633896924, 979.6230067499372, 284.1250200168987
25.5453125, 45.830105133596064, 979.5625168054736, 284.2296529202242
25.591796875, 45.49032160899917, 979.5789348486114, 284.05938788642356
25.643359375, 45.39999092091805, 979.5717317470543, 283.94888785889543
25.68984375, 45.67288938104656, 979.5913090964448, 283.6635070165017
25.7259765625, 45.52029450129075, 979.5942874870293, 283.8692973835989
25.777734375, 45.4015411294389, 979.5957634793049, 283.799319542438
25.8189453125, 45.26004386769712, 979.583627616337, 283.81710947109605
25.86015625, 45.243603320325896, 979.5932916200459, 283.9780531921385
25.9169921875, 45.24988484053761, 979.623082341632, 283.9693868011352
25.96875, 45.07990671493197, 979.617444225604, 283.90075033205267
26.015234375, 45.01803235684639, 979.6152777673135, 283.8199464403257
26.0564453125, 44.99001455314923, 979.6080005652213, 283.8083265690588
26.1029296875, 44.837108300186735, 979.6176241718604, 283.8260108403236
26.16484375, 44.72969425196844, 979.6623548977946, 283.7443789317364
26.190625, 44.849628563827885, 979.6567316630269, 283.5920729388938
26.2474609375, 44.57706904875467, 979.6480587588932, 283.86849182078714
26.29921875, 44.7083325691527, 979.6140008716679, 283.78713045873593
26.35078125, 44.15716960899825, 979.6319023643383, 283.76267510819963
26.397265625, 44.299764486411036, 979.6279235967341, 283.4803462833914
26.44375, 44.16947535081934, 979.6324516744843, 283.7173708158358
26.4953125, 44.0843994866257, 979.6300559633071, 283.82148640710955
26.557421875, 43.90855410192298, 979.651310118735, 283.46827630766455
26.5986328125, 43.66421432940088, 979.6523348188417, 283.5601750601516
26.6451171875, 43.80133280532315, 979.6368704145316, 283.6368069400922
26.7173828125, 43.64793446419565, 979.6878958947095, 283.5554053798395
26.7587890625, 43.511659096877366, 979.6471006908406, 283.3886161796372
26.8103515625, 43.36961439548982, 979.6279488545948, 283.6380148933143
26.8671875, 43.204781397918396, 979.6409126323109, 283.61788584134956
26.9083984375, 43.205125226833154, 979.6450418854221, 283.76772087656394
26.965234375, 42.94338629949527, 979.6628221963681, 283.95995199305014
27.0220703125, 43.13172581281062, 979.6656750109568, 283.76308167280206
27.06328125, 42.93260754722984, 979.627967347877, 283.58154958289657
27.125390625, 43.17228704342058, 979.6356298800586, 283.64733945868164
27.1666015625, 42.97876653510041, 979.6363436912751, 283.8552093336664
27.2080078125, 42.60851684285863, 979.6106818199441, 283.7467857872746
27.275, 42.72281063651848, 979.6468910954817, 283.6086901352146
27.3267578125, 42.460780706223005, 979.6778495913496, 283.9148326515772
27.3732421875, 42.398230050978846, 979.6150466786901, 283.982046715705
27.43515625, 42.40417423684407, 979.6158148205204, 284.0333528356553
27.4763671875, 42.20466380830585, 979.5897577433554, 283.9406320343957
27.5228515625, 42.050876041637785, 979.6090037179752, 283.760026786213
27.5900390625, 42.05676031390769, 979.6435691634238, 283.9523510888042
27.6365234375, 41.85714064863602, 979.5958583027084, 284.1890606783705
27.6830078125, 41.86307358239793, 979.5962150946989, 284.22817013917955
27.7501953125, 41.98884665890567, 979.5921810479359, 283.94717958607106
27.7966796875, 41.634990370243074, 979.5729020688261, 284.08536211984926
27.8482421875, 41.61228531436017, 979.6056407104787, 284.07770296481607
27.905078125, 41.45815746146327, 979.5877949153592, 283.7701361903271
27.9515625, 41.3554681312897, 979.5984049558315, 283.90791123983445
28.0134765625, 41.38985052426383, 979.5975950661893, 283.9444397526783
28.0546875, 41.19566602615611, 979.5934094678555, 283.79434326897797
28.1271484375, 40.98995697213261, 979.5871479388956, 283.8892408572254
28.168359375, 40.82422962668492, 979.6352158504025, 283.66598211752734
28.219921875, 40.91003901240062, 979.5921188347207, 284.0224623024351
28.2923828125, 40.73854266662793, 979.6178869057952, 283.81375838272453
28.3439453125, 40.62417807579651, 979.5916762708056, 283.7670348980221
28.40078125, 40.069267345451465, 979.59593256115, 283.5619020923408
28.4419921875, 40.38963764045888, 979.6067485129676, 283.7857896849591
28.498828125, 40.149293196684155, 979.622123513472, 283.88005719209133
28.5453125, 40.286597471919826, 979.6127164777073, 283.81729979265407
28.6021484375, 39.86298624534119, 979.5933368796692, 283.8685015278187
28.658984375, 40.126266872096316, 979.6037134350458, 283.9089602032365
28.715625, 39.87427482113922, 979.6060375145222, 283.80115334750036
28.7673828125, 39.925741633443145, 979.6113339398601, 284.0566284409267
28.82421875, 39.507575965272295, 979.59351781446, 283.92228235875143
28.8603515625, 39.748015220546684, 979.5805641938548, 284.0337751203704
28.9376953125, 39.587512759918795, 979.5945656007796, 284.1015604516797
28.9841796875, 39.53012525701227, 979.6051209852026, 283.7660936648661
29.041015625, 39.44399498347286, 979.6092380512986, 283.6748614106916
29.092578125, 39.3521445887917, 979.6482465320129, 283.5148184386331
29.1494140625, 39.2259371279503, 979.6217376753916, 283.87160879149906
29.2115234375, 39.03651426289347, 979.6188202884325, 283.60757792904707
29.2630859375, 39.03627482160087, 979.6423603784731, 283.8497099775763
29.319921875, 38.84115878183443, 979.6280677909017, 283.6279159209696
29.3869140625, 38.875323812386725, 979.6284855215209, 283.74165000516246
29.4283203125, 38.8062804217935, 979.5969898348753, 283.8086951922041
29.4798828125, 38.57078267852803, 979.6492656462527, 283.8491966252324
29.557421875, 38.639330007523476, 979.6631426776228, 283.6461773314926
29.5986328125, 38.472705304305975, 979.6248617162796, 283.68418698459226
29.6607421875, 38.31746749056692, 979.6170430526045, 283.88424098242353
29.7173828125, 37.955467196143466, 979.6069444061828, 283.85024790622475
29.7794921875, 38.20773927458213, 979.6219748392376, 283.8102859152968
29.820703125, 38.48884882754998, 979.5786228822886, 284.1794147131433
29.8671875, 37.96019114493661, 979.6126823513692, 283.80137759923394
29.934375, 37.839239287990004, 979.6112815027496, 283.6880718855247
29.9859375, 37.873341497478165, 979.6183091668706, 283.8404166053197
30.0427734375, 37.67753910077749, 979.6371033466799, 283.8960439713817
30.1046875, 37.625532923104906, 979.6156761062332, 283.6819559300357
30.1564453125, 37.56187075065479, 979.6477255976005, 283.6218933856479
30.192578125, 37.26252505688301, 979.620890431745, 283.76285063158724
30.26484375, 37.34253289162312, 979.6312365585349, 283.81894130454316
30.3267578125, 37.24441731439528, 979.6567744862022, 283.57400057968863
30.378515625, 37.15769597781687, 979.6369357834027, 283.6402534319302
30.430078125, 37.05378147820689, 979.6757228823019, 283.4554490974084
30.4869140625, 36.93824445216302, 979.6690957588005, 283.45658455530565
30.55390625, 36.937704339393534, 979.6872991102081, 283.3373094311027
30.5953125, 36.79329625294805, 979.6541750465346, 283.50780728149374
30.6625, 36.70073972106002, 979.6810261958864, 283.4489840055787
30.7193359375, 36.809535406682144, 979.6475934387142, 283.4361146411665
30.760546875, 36.1873702247942, 979.6643599852069, 283.3221273721365
30.8328125, 36.22121919406862, 979.6813244098299, 283.347940857366
30.8896484375, 36.57183221173505, 979.6664479463763, 283.33294532339653
30.9361328125, 36.346861034601325, 979.6478875083033, 283.2192889665488
30.9876953125, 36.000524642809324, 979.6597715210648, 283.30363226183863
31.065234375, 35.8617300149936, 979.6361313336361, 283.23326401438425
31.1013671875, 35.970463929741165, 979.6595335988231, 283.4938280155308
31.1529296875, 35.88361600709487, 979.676455221982, 283.4914718041181
31.225390625, 35.790691474451386, 979.6764345534647, 283.39029420097944
31.2716796875, 35.738093583401806, 979.6882755608365, 283.10116288967384
31.3181640625, 36.06606751999842, 979.668229583032, 283.5647257628794
31.369921875, 35.54646740822581, 979.6340343536061, 283.71007998232653
31.4318359375, 35.6611914261118, 979.6272076429639, 283.5249483796824
31.488671875, 35.04334687246297, 979.6742258603864, 283.58105185172116
31.5609375, 35.25029782013431, 979.6727451985364, 283.2658822614493
31.607421875, 34.86287938919701, 979.6743431729489, 283.28126663854215
31.6486328125, 35.09302493144566, 979.6556090533218, 283.53777272478874
31.7107421875, 34.83253167381651, 979.6303979799563, 283.5586312333127
31.767578125, 34.88363371705638, 979.640116403619, 283.54541161903376
31.8140625, 34.87130653458731, 979.6044088952009, 283.5204826808342
31.886328125, 35.00340202401824, 979.5994769132699, 283.63523013031215
31.95859375, 34.68485786323239, 979.6223818795902, 283.6540055387723
31.9947265625, 34.68412176649744, 979.6320373083051, 283.9718387627081
32.056640625, 34.4176416731858, 979.62198960848, 284.0896336384575
32.098046875, 34.33605993287595, 979.6217707781652, 283.92940972984104
32.1599609375, 34.363866949184775, 979.6337208381494, 283.63256070004445
32.221875, 34.24765482477811, 979.6416326303856, 283.68992100661023
32.2837890625, 34.17164071642836, 979.6196868284367, 283.8109204856467
32.3302734375, 33.96263471608455, 979.6546752438288, 283.462512248747
32.387109375, 33.86342779891504, 979.6543974275539, 283.3897113795993
32.4388671875, 33.59068766236264, 979.6486984767612, 283.60084197444763
32.4955078125, 33.79200875194317, 979.6433078145857, 283.37440925724854
32.5626953125, 33.640755250997515, 979.6094269993878, 283.6932866183881
32.6041015625, 33.47209859925856, 979.6274125813536, 284.01240153847164
32.67109375, 33.390112805526954, 979.6036760330265, 283.89954570890114
32.7228515625, 33.719175738873844, 979.6202544592363, 283.63288172812025
32.7744140625, 33.53880959885293, 979.6365068734984, 283.63317350194217
32.826171875, 33.04577024830222, 979.6327487773403, 283.49145937881747
32.8931640625, 33.11422006399613, 979.6075996743971, 283.41056070082936
32.944921875, 33.05528695309373, 979.6489210472315, 283.3125685541931
33.0068359375, 32.99054891569296, 979.6454424652537, 283.6586349774768
33.048046875, 33.070600163964464, 979.6284055321138, 283.6769616385101
33.11015625, 32.62347261012979, 979.6700316932408, 283.41088334877725
33.1669921875, 32.5122841547523, 979.6352777884075, 283.66171747071934
33.2134765625, 32.748979530135266, 979.6398918926544, 283.4916662538659
33.28046875, 32.6722633373206, 979.7150523744436, 283.19102576427525
33.34765625, 32.32325539942419, 979.6745969543111, 283.2938320813915
33.3888671875, 32.65309147491492, 979.6944223536234, 283.24342631120305
33.440625, 32.64020401412604, 979.7159959463409, 283.1460756197691
33.4921875, 32.308667952325706, 979.7048993757495, 283.4234659893716
33.559375, 32.388628330938324, 979.6775691119163, 283.45702079849417
33.6162109375, 32.19037470175426, 979.6668549373363, 283.3460275094325
33.6677734375, 32.10789170865063, 979.6744186006879, 283.46695634934235
33.7349609375, 31.671727298202946, 979.6470111182354, 283.6494628314454
33.7865234375, 31.792385131135525, 979.6528078256024, 283.367146633921
33.843359375, 31.81417515646372, 979.6522691310655, 283.6746681116478
33.8951171875, 31.668061893966982, 979.6312569973582, 283.75284575257416
33.9517578125, 31.759953310482384, 979.6679379392688, 283.4272303063895
34.0138671875, 31.64215762499222, 979.6312937036558, 283.6180866937
34.0603515625, 32.01292060370535, 979.6381778093872, 283.5370857489251
34.1068359375, 31.790709106112498, 979.6366826343636, 283.8835907635951
34.1791015625, 31.435362491570697, 979.6211458091219, 283.78481901010446
34.2306640625, 31.56181029612071, 979.6387153314454, 283.8892729244698
34.2822265625, 31.252819399807233, 979.6350539632004, 283.538693189526
34.3390625, 31.327086216130105, 979.6224204718651, 283.59970988350847
34.3958984375, 31.116556949637022, 979.6421194432835, 283.53304607950895
34.44765625, 31.051547272980333, 979.6247260760532, 283.61239131791496
34.504296875, 30.811720050309795, 979.6448932354994, 283.5640970238601
34.56640625, 30.839211910148364, 979.6407016660565, 283.44001971772843
34.623046875, 30.773890691098277, 979.6368665752219, 283.5197284597923
34.690234375, 30.755208589127044, 979.6531130478653, 283.3117367087171
34.73671875, 30.637497405003128, 979.6888342753092, 283.2903439526989
34.7935546875, 30.33923827335956, 979.6684514326076, 283.3553352019211
34.8607421875, 30.500910963910684, 979.7046438629618, 283.2679143591233
34.901953125, 30.395009368721215, 979.6667946265204, 283.04629261631493
34.9640625, 30.457381208589194, 979.6659801746055, 283.2571241045676
35.020703125, 30.287404955438912, 979.6837380827434, 283.58130307775406
35.0671875, 30.55381789853865, 979.6586328217428, 283.27268711180017
35.1240234375, 30.296341617698523, 979.6568404322403, 283.4838936824978
35.1705078125, 30.026738167630224, 979.6976902665734, 283.15765667594223
35.2427734375, 29.763401561638947, 979.6920948412716, 283.11824311082074
35.2892578125, 29.965829742799023, 979.6805435083594, 283.3185097169285
35.3564453125, 29.865042722897453, 979.7067360901815, 283.0541084029548
35.4080078125, 29.706615573418993, 979.6891906857271, 283.21888304019166
35.4544921875, 30.159850726117025, 979.6767413654817, 282.9798519032065
35.511328125, 30.20477135616714, 979.7209279291651, 283.29383868362976
35.5681640625, 29.544700660049934, 979.6812125468683, 283.1827714919457
35.625, 29.485002662472933, 979.6971295711926, 283.2387773855414
35.6765625, 29.413630947512093, 979.6957705512822, 283.3782985332441
35.7384765625, 29.190443098086273, 979.6861127811039, 283.1438107210472
35.7849609375, 29.416240805493043, 979.7004504402132, 283.17815016512697
35.8521484375, 29.04129384840464, 979.6942534086581, 283.202118542723
35.908984375, 29.360637453104836, 979.7165219089604, 282.9971143346902
35.9658203125, 29.014763891265023, 979.7125711437523, 283.0463096310692
36.0173828125, 28.99580404606622, 979.665440076977, 283.27740393697917
36.0794921875, 29.04674172054715, 979.6303055149998, 283.5796650665779
36.1310546875, 28.86385980798689, 979.6239452791234, 283.5347995039619
36.187890625, 29.002532943933645, 979.6581614055456, 283.467751685503
36.2447265625, 28.709070154659106, 979.6284983891202, 283.47797186541004
36.2962890625, 28.234279075824343, 979.6524648066525, 283.64446145421124
36.353125, 28.58326197166749, 979.6226803697517, 283.702990958265
36.4099609375, 28.60512754156257, 979.624865525929, 283.82511141978307
36.466796875, 28.790005897950433, 979.6220202816579, 283.6934025918041
36.5234375, 28.53737943808104, 979.6340006701577, 283.8792966018449
36.5751953125, 28.682131242042882, 979.6361474560961, 283.7151039180804
36.637109375, 28.633565065703827, 979.6247384603361, 283.7654865727548
36.68359375, 28.24035506670781, 979.6272741476671, 283.66785002624243
36.7404296875, 28.308815949590716, 979.6242658804721, 283.7878481917534
36.797265625, 28.114125481883605, 979.6298786421198, 283.5546190974542
36.8541015625, 28.03067304863957, 979.6621485849322, 283.4346895513949
36.9107421875, 27.935018358202672, 979.6374468589747, 283.5439294464586
36.9572265625, 27.939600399401428, 979.6396141511863, 283.2899350261083
37.0140625, 27.80342290048324, 979.6335502085299, 283.60567830637603
37.060546875, 27.813523507550595, 979.656708355654, 283.5345119988223
37.1173828125, 27.765090389005877, 979.6463641616498, 283.7171662915641
37.17421875, 27.739583077641598, 979.6733286373608, 283.56861219438605
37.2310546875, 27.246147359984892, 979.6490936705454, 283.5297115089362
37.2826171875, 27.4017592261639, 979.6565111154382, 283.4105813236814
37.339453125, 27.13101590896344, 979.6270151324358, 283.4924025360015
37.3962890625, 27.404463791902444, 979.6507402379863, 283.6646655287077
37.4634765625, 27.279952519489587, 979.6340204020044, 283.56045025963516
37.5150390625, 27.213497725422112, 979.6427833209331, 283.38697410321384
37.571875, 27.305237657963882, 979.6246408731481, 283.4107689946476
37.618359375, 27.291840948611835, 979.6568574636694, 283.5505268902607
37.6853515625, 27.102777935700733, 979.6450856009429, 283.4650594588095
37.7318359375, 26.643822496211, 979.6505078296847, 283.27363738131373
37.7732421875, 27.076105361588656, 979.6698997614122, 283.45754774892094
37.8455078125, 26.850727688355597, 979.6815705249356, 283.2164586232698
37.90234375, 26.59094995860059, 979.6533551037141, 283.4541883448004
37.94375, 26.43117280422557, 979.6568967898179, 283.5555852042297
38.000390625, 26.658177821066914, 979.6678358748043, 283.19294208059443
38.0521484375, 26.59775995422755, 979.6575491469091, 283.38117955048347
38.0986328125, 26.437393959169835, 979.6530852344063, 283.64584684454803
38.15546875, 26.27698005767332, 979.6374624267787, 283.9697942982958
38.2173828125, 26.427607299979492, 979.6567751698713, 283.6329337173487
38.2689453125, 26.02095392897074, 979.6192094351371, 283.4278082823918
38.32578125, 26.212690536916266, 979.6394491075351, 283.49570599846965
38.372265625, 26.48097223745766, 979.6251214571063, 283.5833907881884
38.423828125, 26.179895479578942, 979.6486213754301, 283.42631215073305
38.4703125, 26.236452090497863, 979.6439410896958, 283.60768874212624
38.5271484375, 25.90551638457092, 979.6285317471251, 283.8898986367773
38.5736328125, 25.9974838191809, 979.6098297797694, 283.8902699796878
38.6408203125, 26.113703654990736, 979.6052566779103, 283.5235333156467
38.6923828125, 25.84139507435288, 979.6422357127559, 283.5533705607565
38.74921875, 25.84504699585772, 979.638746018614, 283.9096408975841
38.8060546875, 25.725069818615076, 979.6559255357251, 283.54019273885524
38.8578125, 26.05864673033386, 979.6491386293882, 283.4226534331907
38.909375, 25.839475769867583, 979.6381307256133, 283.44239628175694
38.9712890625, 25.355249030377724, 979.6734942713816, 283.23974744141395
39.00234375, 25.665025310962072, 979.6419284551932, 283.3820812041888
39.06953125, 25.762571298685003, 979.6989048896897, 283.1569971738041
39.126171875, 25.714199196319743, 979.6766533548716, 283.1636940011217
39.17265625, 25.37699561510301, 979.6940774059786, 283.4075066575105
39.219140625, 25.098328427634673, 979.7163186346961, 283.5515801641493
39.2759765625, 25.267047146262353, 979.6761348060587, 283.3961454178756
39.3224609375, 25.253151537566403, 979.6995990626194, 283.26470128746786
39.3638671875, 25.104062722488283, 979.6873994451593, 283.18007539860224
39.42578125, 25.161559823304863, 979.6809594079717, 283.13673438964827
39.4826171875, 24.976119152150364, 979.6676579343012, 283.2905285188226
39.5498046875, 25.192225880541645, 979.69246353632, 283.4818840916468
39.5962890625, 25.202254818721507, 979.6575107987331, 283.3083194903864
39.6529296875, 24.640748505500362, 979.6440085219907, 283.72892797122114
39.6892578125, 25.239407885296693, 979.6963582773118, 283.2678874284541
39.751171875, 25.01360026913804, 979.6652156042205, 283.4570385722408
39.79765625, 24.76985333219158, 979.672409594907, 283.3117091445864
39.8595703125, 24.75627158010654, 979.6882579879966, 283.28377078666097
39.9060546875, 24.358764014990022, 979.7142871829608, 283.209264199821
39.962890625, 24.616502721708596, 979.7127107720837, 283.0404923956811
40.014453125, 24.46689645921257, 979.7135788965113, 283.30202233823684
40.0662109375, 24.240798821863745, 979.7550152286873, 282.90027875387784
40.128125, 24.27411974902179, 979.7078509736355, 283.2045090049794
40.1796875, 24.30135515956302, 979.6777448466088, 283.3652084233726
40.22109375, 24.222824021576265, 979.6790469143217, 283.2954705985839
40.2830078125, 24.533410248603534, 979.6908072204734, 283.4679552153715
40.334765625, 23.988585144324215, 979.7030515701449, 283.16940821075036
40.3759765625, 23.85645514470666, 979.6804898411772, 283.3042399540823
40.4173828125, 24.06702431184768, 979.6846350074543, 283.14062660554816
40.479296875, 23.710996160695775, 979.6670093656155, 283.24325991713755
40.530859375, 23.885975314645357, 979.681964351981, 283.3927044140361
40.5826171875, 23.995830432261425, 979.6416629300421, 283.4984504109019
40.623828125, 23.633971924779125, 979.6464900191556, 283.4484529338672
40.6806640625, 23.844216946772153, 979.6509258024797, 283.74239182500986
40.7220703125, 23.458413447037856, 979.655730120413, 283.8275853498572
40.7892578125, 23.869736648412196, 979.6261984182092, 283.71920153730724
40.83046875, 23.701797621578628, 979.6211858796332, 283.8356016942247
40.8873046875, 23.599649964095207, 979.6298958826956, 283.48808983667436
40.9388671875, 23.863607853204762, 979.6504185992127, 283.58997078465546
40.995703125, 23.87922334678009, 979.6362868879079, 283.6539270454265
41.037109375, 23.50499503419809, 979.6567911020907, 283.4474866011549
41.0939453125, 23.51422319921805, 979.6438423749788, 283.46585364644153
41.1455078125, 23.340626719737934, 979.6444328228978, 283.4436914568746
41.207421875, 22.89474898073049, 979.6329733504425, 283.7223852326969
41.2591796875, 22.886163660609412, 979.6819189381374, 283.5309212426621
41.3056640625, 23.073427427941215, 979.6900423443594, 283.4676668982731
41.3572265625, 22.988625631738525, 979.6895671154347, 283.2072690883426
41.4037109375, 23.09266928521343, 979.6962628724541, 283.1838905730781
41.465625, 23.25020546223939, 979.6818138709049, 283.566009924827
41.5173828125, 23.32471234861157, 979.6648501276958, 283.50275996775093
41.5689453125, 22.94401038489414, 979.6356393299486, 283.3812353827972
41.6154296875, 22.634443125048232, 979.659685775669, 283.55337836966737
41.6619140625, 22.60235260362194, 979.6692440150364, 283.40083073064386
41.7083984375, 22.81344286547803, 979.6954537537197, 283.26880733713705
41.7548828125, 22.520845852846207, 979.6713513440649, 283.2920968724251
41.816796875, 22.566170200963388, 979.6787034157645, 283.32016249347254
41.8736328125, 22.675963849134472, 979.6911286503644, 282.98047149673124
41.9150390625, 22.958223166479748, 979.6743965162915, 283.2938343096101
41.9666015625, 22.340147154919215, 979.694422112834, 283.1474544045111
42.0130859375, 22.456344849292996, 979.6840195383935, 282.9532568941078
42.0595703125, 22.134531172219432, 979.7089657309999, 283.11409446560504
42.121484375, 22.303844116028984, 979.7253040243828, 282.85667180358087
42.16796875, 22.53244681950256, 979.6978946931157, 283.08036673768436
42.214453125, 22.411846126830728, 979.6970112507277, 283.10081110830765
42.2712890625, 22.37397469096711, 979.70601179589, 283.4212504429044
42.348828125, 22.182416167375564, 979.6559821736337, 283.48145123167245
42.36953125, 22.49434044344893, 979.6825867370165, 283.0275944537769
42.42109375, 22.100668958105015, 979.6491934224925, 283.0818005091913
42.4779296875, 22.09239678928356, 979.6691237427784, 283.27280867007215
42.5193359375, 22.45781074723284, 979.6664446012234, 283.281112078868
42.586328125, 21.77898690177407, 979.6800151196862, 283.3224028467385
42.627734375, 21.66410964306321, 979.6675295044316, 283.37308071791193
42.679296875, 21.93422661363652, 979.6753748725341, 283.4339178374782
42.7310546875, 21.647460833050427, 979.6694399192799, 283.35223509927954
42.7876953125, 21.608977907450946, 979.6577013875208, 283.3463203739933
42.8341796875, 21.5538726319957, 979.6834294802934, 283.24538785693704
42.8806640625, 21.746917889702452, 979.7006300606596, 283.328063974815
42.932421875, 21.430303619661306, 979.665931296303, 283.57409429343056
42.97890625, 21.39249422941213, 979.6774696332119, 283.6717353249451
43.0201171875, 21.472978277289062, 979.6439145184056, 283.6616180888624
43.0822265625, 21.672755502283056, 979.6470634871628, 283.55898234121446
43.1337890625, 21.28992011916413, 979.6379026195707, 283.7727435175876
43.185546875, 21.852127929544395, 979.6743701563252, 283.3628400892748
43.23203125, 21.149109317425516, 979.640399052568, 283.5199585824953
43.2783203125, 21.70500958466708, 979.677159830652, 283.3333932876168
43.330078125, 20.924528313820407, 979.6843752430982, 283.1811733172665
43.3712890625, 21.046381679057472, 979.6960835138794, 283.1842618243776
43.4333984375, 21.17495033088108, 979.697445657707, 283.0448004267447
43.4849609375, 21.392230393440432, 979.6861739009814, 283.2150566806533
43.5314453125, 21.10983855687035, 979.6880799359185, 282.94814166688013
43.5728515625, 21.10835691998871, 979.714702916998, 282.7056748828289
43.6244140625, 21.058809983386976, 979.68901722546, 282.86365075565567
43.68125, 21.240241569819425, 979.7435386297043, 282.810424949923
43.72265625, 21.13144235006498, 979.7307975618965, 282.9615726536614
43.7638671875, 21.306477563136923, 979.7409738443384, 282.80791809507633
43.82578125, 20.48385893245646, 979.7420039937847, 282.56317547611707
43.872265625, 20.861963052826596, 979.7427134916901, 282.9211317593037
43.934375, 20.67520510805962, 979.7350995189618, 282.7234525151426
43.9859375, 20.839610182847757, 979.7530319524709, 282.9094841274794
44.032421875, 20.84801717516003, 979.7485350907998, 282.94314928835814
44.07890625, 20.96508729761802, 979.7428768589631, 282.8145605595574
44.1357421875, 20.861878878377937, 979.7490547597704, 282.90970467937143
44.1822265625, 20.58543049357839, 979.8048994216682, 282.94131632108815
44.2287109375, 20.708227041057775, 979.7626813714045, 282.94082287439835
44.2751953125, 20.96183368895879, 979.7097941685558, 282.9378775944816
44.337109375, 20.631956695242994, 979.7411938752126, 282.93271754344954
44.362890625, 20.39160865159547, 979.7536040260985, 282.78480453647666
44.4146484375, 20.12063201785873, 979.7470062579616, 282.6321535098268
44.4765625, 20.422249557553805, 979.7332251674162, 282.71818682169373
44.5076171875, 20.038484038659355, 979.7648656321486, 282.6321668238684
44.5798828125, 20.06517635177048, 979.7404037883003, 283.0654590717206
44.6212890625, 20.266060097307417, 979.7277314280947, 283.0065320545117
44.6779296875, 20.299000503067138, 979.7297179942677, 282.6032093935981
44.7140625, 20.433577491580746, 979.7504149423755, 282.63802738637696
44.760546875, 19.901026704211155, 979.7523804222562, 282.57193105994696
44.80703125, 19.779375465904124, 979.7503083207716, 282.7471637747899
44.8638671875, 19.967373400104428, 979.749672711255, 282.8045054163384
44.915625, 20.22076432085019, 979.7334854620863, 283.0736434288051
44.9724609375, 20.41609366542762, 979.7190140094851, 282.99822399681887
45.00859375, 19.948117987364103, 979.7312844248776, 283.12223804735936
45.0654296875, 19.86195577064189, 979.7161935414478, 282.8992232856265
45.106640625, 19.709584891499418, 979.7307655993033, 282.86595820721914
45.17890625, 20.00488304011785, 979.7119046274788, 282.8153561946817
45.2357421875, 19.381342498631753, 979.7129245354017, 282.7455686180915
45.2822265625, 20.11336186862662, 979.7095856527533, 283.1753736678456
45.3287109375, 19.675372691186947, 979.7301161648945, 282.9284062107328
45.3751953125, 19.624414545109616, 979.726525901285, 283.04539250566006
45.4009765625, 19.56933180052823, 979.6875354160879, 283.1032894461244
45.4474609375, 19.423291904179692, 979.6965447625018, 282.9175755338894
45.5146484375, 19.03794534191897, 979.7242600438935, 283.1016475088844
45.5611328125, 19.436389956558557, 979.7131147094165, 283.15791969375516
45.61796875, 18.931168970158705, 979.7264611567168, 282.9280343615009
45.6591796875, 19.27617732517904, 979.7003477871298, 282.9670450111935
45.7005859375, 19.793456023855885, 979.7072790466634, 282.8408339861599
45.7419921875, 19.414777642903974, 979.6929383545162, 283.17856634644926
45.7986328125, 19.50774431354722, 979.7179506034075, 283.1560842053565
45.8607421875, 19.492841225442437, 979.7151944354691, 282.89001471684116
45.896875, 19.191451810648093, 979.7255413373881, 283.1356649314744
45.943359375, 18.914179708858384, 979.6763826414294, 283.04732622822377
45.9794921875, 19.461956553934797, 979.6930092120358, 282.9336981876826
46.036328125, 19.309468782539753, 979.6893004536029, 282.9935418167937
46.0671875, 18.895351425880378, 979.713573383833, 282.9218026992541
46.1189453125, 19.090314306412548, 979.7013798581113, 283.18110395896656
46.1705078125, 19.10526275549725, 979.7168542366082, 283.0381170853267
46.2169921875, 19.132996386559437, 979.672212903863, 283.09033357881094
46.253125, 18.879735876781844, 979.6926888116436, 283.152096726901
46.3048828125, 18.835088290945208, 979.6640811837366, 283.1452455565687
46.3359375, 18.60567029955053, 979.682504656037, 283.2394089696746
46.3771484375, 18.322325726001576, 979.705480447201, 283.13575772471125
46.4390625, 18.606370041433376, 979.6958803416617, 283.1883504109773
46.485546875, 18.496071235058952, 979.7018489089119, 283.0431006032322
46.5115234375, 18.811784425976153, 979.6931793902659, 282.9262418223803
46.5681640625, 18.856664541734983, 979.704326088546, 283.05978602701254
46.6146484375, 18.644538399094497, 979.6991057619994, 282.86085387495905
46.640625, 18.43347187818723, 979.7206267718254, 282.9056298771034
46.687109375, 18.43778488952604, 979.7289222318007, 282.86434808942016
46.7283203125, 18.32627529732517, 979.7132936958056, 283.1611082593867
46.7748046875, 18.53946514337748, 979.7036239686765, 283.19010422358355
46.8265625, 18.48956460481477, 979.6654656541411, 283.371303686733
46.8626953125, 18.15196026734845, 979.6967056860502, 283.3608401652507
46.90390625, 18.701124839580775, 979.6949022623401, 283.26886322922877
46.9400390625, 18.1408467561045, 979.6944953123186, 282.9952392457714
46.976171875, 18.367800169666157, 979.7007017455818, 283.0025219604506
47.0125, 18.197673073467474, 979.6916188049528, 283.2405034547224
47.0537109375, 18.315319469734014, 979.7130712727533, 283.2683867280313
47.10546875, 18.102604712730777, 979.700841247946, 283.099779281086
47.1466796875, 18.483868490207335, 979.690337139097, 283.1387873978872
47.1880859375, 18.326242288286053, 979.6933532598475, 283.0212125193535
47.2189453125, 17.898085527392432, 979.7376440949492, 282.9629814175183
47.255078125, 17.596088925406963, 979.7097920303822, 282.9187485285883
47.296484375, 18.073479807541652, 979.7412678247956, 282.96442145010667
47.3326171875, 18.179761700318846, 979.6953201840003, 282.91562023249855
47.36875, 18.49548914029899, 979.7204305376445, 282.9020625554963
47.41015625, 18.04918413898635, 979.7280571368294, 283.2000110720143
47.456640625, 18.01087864938639, 979.6904147394032, 283.4713148735066
47.503125, 17.852526515350064, 979.6927264928447, 283.1456901157277
47.5392578125, 17.88680946350036, 979.6786880287063, 283.2213623941554
47.5857421875, 17.848193993318567, 979.6767793335972, 282.9940982879063
47.6166015625, 18.07432140196963, 979.6731310446241, 283.0876785689057
47.6630859375, 18.180100556567705, 979.6830027283613, 283.1902240767165
47.694140625, 17.625362509011552, 979.7199592561708, 282.951257943634
47.740625, 18.054860455678376, 979.7014154073989, 283.08656521505605
47.7767578125, 17.770862459996813, 979.7116165380572, 282.74085260558985
47.8232421875, 17.396094073616002, 979.7132091360182, 282.8819096392868
47.8646484375, 18.211022910473005, 979.7119159943894, 282.9405532064057
47.905859375, 17.961872395937206, 979.7182804920859, 282.9808782219261
47.9419921875, 17.73783684304586, 979.7392216699695, 282.8401363988681
47.96796875, 17.75441326609339, 979.7431796965831, 282.71778867535266
48.01953125, 17.27042879205217, 979.7356467369859, 282.77623550066687
48.066015625, 17.730860058833535, 979.7354012047984, 282.78143233017767
48.091796875, 17.332703175727737, 979.7274942158136, 282.82248630017347
48.1228515625, 17.582824791229342, 979.7633225176558, 282.554432874459
48.1486328125, 17.214343597988158, 979.7241727760738, 282.78856484969873
48.184765625, 17.116358017322646, 979.7377903093048, 282.9393755999926
48.2208984375, 17.234245865508218, 979.7271067392801, 282.9211922324528
48.2623046875, 17.659690515069602, 979.7035594596799, 283.1581287565615
48.3087890625, 17.23068059721646, 979.7261874032957, 282.9169587552451
48.3345703125, 17.156140680259004, 979.7269651518653, 282.89287752693116
48.3810546875, 17.448191420237738, 979.7391298789289, 282.72032896243996
48.4017578125, 17.518900891104906, 979.7363925183525, 282.6695242076013
48.44296875, 17.564669857516794, 979.7631943599666, 282.7910042577776
48.479296875, 17.737654561855265, 979.7594135757603, 282.6540508041309
48.5205078125, 17.410751217465062, 979.7344022710164, 282.5051174062525
48.556640625, 17.14363538954922, 979.7063014932686, 282.7875397038205
48.5927734375, 17.441836516867788, 979.7466074085282, 282.7161040099876
48.623828125, 16.905054003832856, 979.7386538840514, 282.7693635086689
48.6599609375, 17.516828185728677, 979.7237316981901, 282.81109152089834
48.7013671875, 17.436241231326157, 979.7403865964366, 282.71912221057516
48.742578125, 17.132904777775796, 979.7278806104428, 282.72209260524124
48.7736328125, 17.11275734458038, 979.7254179140979, 283.11162097518894
48.809765625, 16.76717593439644, 979.7441644325622, 282.69278008679873
48.8408203125, 17.572175778229447, 979.726800960955, 283.049474518001
48.8873046875, 17.395212522458493, 979.7024170677722, 282.9311703186857
48.9181640625, 16.930357452671913, 979.7076259006052, 282.8601293608714
48.9646484375, 17.035753738329483, 979.7155551023835, 282.85444415095054
49.01640625, 17.159250398233834, 979.7380466672986, 283.01304938519434
49.0525390625, 17.379727698181288, 979.729338997814, 283.14708677702896
49.0732421875, 17.107175677752682, 979.6837694259527, 282.85323199342093
49.109375, 16.749615059609326, 979.7813358613365, 282.9698454972563
49.1505859375, 16.917109139264277, 979.7357550442161, 282.87261060031784
49.18671875, 16.66100717532184, 979.7238599005775, 282.86138254956666
49.2228515625, 16.472045321560408, 979.7269130092964, 283.06081724459324
49.248828125, 17.186799885109245, 979.7153897914125, 282.41129017641197
49.274609375, 16.395724501176186, 979.732339268965, 283.0302757977183
49.3365234375, 16.6642382640675, 979.7565179093818, 282.4245602480557
49.37265625, 16.999697224192303, 979.7564584264319, 282.4727595139273
49.4140625, 17.256506659284376, 979.7653622531277, 282.3635961992353
49.4501953125, 16.79621775480051, 979.768384122099, 282.58473197774487
49.4759765625, 16.113277222412076, 979.7529693358422, 282.68691347069915
49.5173828125, 16.291726173618912, 979.742110169938, 282.72071230343977
49.5482421875, 16.844739519198946, 979.7096433563731, 282.91822502380154
49.584375, 16.697874175856832, 979.720948453717, 283.1069073297004
49.6412109375, 17.03862937710878, 979.7321991580674, 282.7127050797963
49.6671875, 16.554246933964706, 979.7286205018443, 282.7913575374568
49.7083984375, 16.629923457762846, 979.7253450733012, 282.9593580341958
49.7341796875, 16.83956246005747, 979.7161462054787, 283.1125431099298
49.76015625, 16.33151370760126, 979.7093821041561, 282.94722066481535
49.8013671875, 16.914369221871098, 979.6869571279065, 282.9218944797547
49.8427734375, 16.423139132636123, 979.699652342822, 283.06034958538396
49.8892578125, 16.06424611931044, 979.7223840376984, 282.9194343227861
49.9201171875, 16.020433390034714, 979.703817490753, 283.0431190690765
49.951171875, 16.597769074319615, 979.7603031630639, 282.6309126075637
49.976953125, 16.741114865970378, 979.7295485880181, 282.7635220970004
50.018359375, 16.00210936855784, 979.7168234533119, 282.73846058154146
50.06484375, 16.235112155651237, 979.7002102606441, 282.8088475267075
50.1009765625, 16.171932855563394, 979.7204573436527, 282.936238348427
50.1474609375, 16.285428908813618, 979.7182342812557, 282.7887518237785
50.1681640625, 16.458704087388593, 979.7114150244458, 282.8918236217613
50.188671875, 15.840465650981734, 979.719545269436, 283.0212629439797
50.230078125, 16.714406740814358, 979.7148618112134, 283.1752023163271
50.2662109375, 16.537423820677844, 979.7282058727541, 282.9805210625497
50.3076171875, 16.583600564407313, 979.7061072693641, 283.16783662301935
50.348828125, 15.976045888791793, 979.7282656206164, 282.84610818975676
50.390234375, 15.695239423919704, 979.7609551284364, 282.6374824275752
50.4314453125, 16.14628687609102, 979.7533829212199, 282.6970730976629
50.4625, 16.567432220010325, 979.7347423035441, 282.61208984330835
50.4986328125, 16.378243437255247, 979.7404766114852, 282.77516977886773
50.534765625, 16.291464497485038, 979.744667983013, 282.76565564837045
50.5658203125, 16.040831708277018, 979.7579726328909, 282.9200995151865
50.601953125, 16.03957728892575, 979.752114927901, 282.7616672487503
50.6380859375, 16.08002748385562, 979.7365215582861, 283.0406186350474
50.669140625, 16.028523266616816, 979.7293245945827, 282.65709876657337
50.7259765625, 16.007882791525244, 979.7351086048875, 282.6724788165397
50.7775390625, 15.811531162127789, 979.7118041469489, 282.60983842446694
50.8033203125, 16.474271783539916, 979.7256768125237, 282.9882313144726
50.8447265625, 16.30881868397921, 979.7522836428479, 282.8089321561798
50.8654296875, 16.02965866454593, 979.7349129783099, 282.8732691856224
50.8962890625, 16.088584554153396, 979.6929669773212, 282.93516852104807
50.932421875, 15.923365482228313, 979.723227386965, 283.0242989889391
50.9583984375, 15.782318129057932, 979.7329944250353, 282.5716654561138
50.99453125, 16.264135743754892, 979.7382578915764, 282.64858384755854
51.025390625, 15.777257379712886, 979.7432106959479, 282.928048271019
51.0513671875, 15.860711147351429, 979.7252209881833, 282.8682214317294
51.0875, 15.604310262960613, 979.7158001415487, 282.9837378397657
51.1236328125, 16.21399609523238, 979.7360032532926, 282.7960223294524
51.1494140625, 16.283816526655357, 979.7220742529396, 282.731294320082
51.1908203125, 15.961775446025413, 979.7401002174913, 282.73125604140535
51.2216796875, 15.135886517850608, 979.7637778597128, 282.64804870445766
51.2681640625, 15.229859716696199, 979.7880337314269, 282.6195921790883
51.3095703125, 15.553962472545374, 979.7697040835989, 282.7217858755061
51.3560546875, 15.31011732229389, 979.7499374766131, 282.4995421921121
51.371484375, 15.187059186158042, 979.7255128309406, 282.653814288388
51.412890625, 15.58455257356965, 979.7751602165699, 282.7398398261792
51.44375, 15.558091660604825, 979.7391143809486, 282.6806715256111
51.4697265625, 15.815997658717396, 979.7249684636013, 282.9145324927703
51.5212890625, 15.602072594457953, 979.7241946213642, 282.8417410692424
51.5677734375, 15.15052212879025, 979.7194921939134, 282.6944031759913
51.6091796875, 15.439430131616708, 979.7191417767594, 282.70118742211844
51.6296875, 15.467810372510705, 979.7253281401271, 282.78264250406363
51.67109375, 15.556780882293468, 979.7320727458563, 282.9883561325591
51.691796875, 16.009037634424182, 979.7459708338703, 282.8444333025357
51.72265625, 15.280206882032775, 979.699990776093, 282.7682081960515
51.7744140625, 15.440963168767913, 979.7474013005144, 282.74058735714186
51.83125, 15.182476407293588, 979.7336216538791, 282.81113727717724
51.851953125, 15.290638342860644, 979.7308027074678, 282.68389003869675
51.8828125, 15.361452764263237, 979.7561472213615, 282.7554899430846
51.8984375, 14.832619277430585, 979.7285849588184, 282.61337901286515
51.95, 15.558002809032915, 979.7492380525846, 282.63084681346066
51.97578125, 15.234047271673335, 979.7408620480127, 282.6065299456291
52.0068359375, 14.928844766625868, 979.7599621833438, 282.86127014703106
52.037890625, 15.654067009211545, 979.7770079232578, 282.82850903442204
52.084375, 15.300357295400838, 979.7297761481047, 282.76507656937434
52.1255859375, 15.588616293193763, 979.7324985344269, 282.7679016722221
52.1720703125, 15.404056917524196, 979.7548616664674, 282.64099870167615
52.2134765625, 15.170595976625027, 979.7410061660283, 282.74851391868395
52.2546875, 15.065497777172633, 979.7471040981432, 282.4378576815565
52.2857421875, 15.142108543755691, 979.7736117936566, 282.5508126130817
52.326953125, 15.066671980481656, 979.7715080425835, 282.47925627099386
52.342578125, 15.223166637352653, 979.7551168458865, 282.76242708787413
52.368359375, 14.681320315706078, 979.7611970035271, 282.81959352762334
52.41484375, 14.545446361543213, 979.7425988380123, 282.6286599201209
52.4458984375, 14.731663184924333, 979.7583864081967, 282.44230043969674
52.48203125, 15.33615166093243, 979.7464582899773, 282.6977260737396
52.512890625, 15.146651095608728, 979.7261002609807, 282.76344005724445
52.528515625, 14.59787420808227, 979.737853532665, 282.45967878750076
52.5904296875, 14.843227413505137, 979.7879253652286, 282.5165046391261
52.6369140625, 14.944495951003852, 979.7470465802652, 282.4155499788215
52.6626953125, 15.427745818352575, 979.7802708367989, 282.47300583810187
52.698828125, 14.872432986593678, 979.7825983605672, 282.594229197211
52.7298828125, 14.834343370379363, 979.7896089668176, 282.4380577518618
52.7609375, 14.577535194230189, 979.7591944218551, 282.68554545099397
52.8021484375, 14.410485727077615, 979.761466281511, 282.66400598215324
52.833203125, 15.271604502864633, 979.7310413241253, 282.83464948211997
52.874609375, 15.06340720929507, 979.7238415936558, 282.94775573026294
52.8849609375, 15.037136233757137, 979.6916611238678, 282.86254749926957
52.926171875, 14.646568533700057, 979.7343608420924, 282.61425881862425
52.951953125, 14.395387336272425, 979.7595824248397, 282.74678530366776
52.9830078125, 14.708790871148242, 979.7607990513948, 282.43735140202165
53.0140625, 14.865502420847323, 979.7483350600828, 282.4732733920723
53.044921875, 14.996605837219379, 979.7638332438288, 282.473641636942
53.0810546875, 14.823758885906628, 979.7755598479412, 282.50564446716965
53.1224609375, 14.389755626453878, 979.769766612403, 282.4845106057159
53.153515625, 14.163083418726936, 979.7510666353804, 282.7751346707323
53.2103515625, 14.798255598186904, 979.7794790619872, 282.40154969577515
53.2412109375, 14.400976892726122, 979.7587140935194, 282.11796174084924
53.2826171875, 14.355044374312826, 979.7716826812137, 282.3853130641051
53.31875, 13.945102160677818, 979.7793779531145, 282.41771149645785
53.3498046875, 14.612606637948362, 979.7878501430126, 282.2579961305826
53.3859375, 14.866439817392667, 979.80251709309, 282.6278617845288
53.4013671875, 14.523773500134498, 979.7944616519472, 282.1839417561466
53.4427734375, 14.983823881793409, 979.7967116772235, 282.2571343020594
53.4685546875, 14.446415764470506, 979.7816495191404, 282.2297051223054
53.5046875, 14.749321709419759, 979.8211021234451, 282.2498222565557
53.5408203125, 14.564118337767782, 979.8165264614071, 282.162597844541
53.5615234375, 14.696667177253024, 979.8456609138857, 282.01142351483077
53.5822265625, 14.323408977131226, 979.8078379128316, 282.09299845991455
53.618359375, 14.83267199197722, 979.8215259547541, 282.24386876440764
53.6802734375, 14.725557630507598, 979.810406052514, 282.27245119278507
53.695703125, 13.950374656689457, 979.7795607112104, 282.2628683283986
53.737109375, 14.355949843620051, 979.7999196683637, 282.32555154163475
53.7732421875, 14.037291793456657, 979.792119033078, 282.4699086250854
53.804296875, 13.914482171576624, 979.7660254332343, 282.4129087664281
53.83515625, 14.563365641467978, 979.7769823420963, 282.24294849016167
53.8662109375, 14.421306303640355, 979.7763379600391, 282.1860093289612
53.897265625, 14.034897583234372, 979.8132170443927, 282.26648169210273
53.923046875, 14.09445005375098, 979.78677802521, 282.3443785886039
53.9591796875, 13.67747598442488, 979.7824591802579, 282.36241664129216
53.9849609375, 13.700132554468484, 979.7751018213936, 282.26750355500536
54.02109375, 14.020661396749189, 979.7621823158572, 282.9293546842887
54.0521484375, 14.396702836448974, 979.8050898094936, 282.5499502083846
54.0728515625, 14.419397567800806, 979.7146741150883, 282.8527251132271
54.1140625, 14.27081032403491, 979.7787350258478, 282.4134541321493
54.150390625, 14.141155263057156, 979.7743984539043, 282.5854007090795
54.1658203125, 14.609024054971323, 979.7578038891043, 282.8062044794657
54.1865234375, 14.10728718996421, 979.7482100925362, 282.7034082133726
54.22265625, 14.421519395041779, 979.7479704543886, 282.73674222428593
54.2587890625, 14.072743326744321, 979.7642860954677, 282.4285453232159
54.28984375, 14.423576596794716, 979.7388752294339, 282.6636184730542
54.320703125, 14.202111249576337, 979.7319656340577, 282.8876044679108
54.3517578125, 14.21836706502013, 979.7575233190123, 283.0448008458648
54.3931640625, 14.113028996816503, 979.7339857480491, 282.67303531114317
54.434375, 13.768133190040025, 979.7353206247755, 282.8072341203665
54.455078125, 13.852487585043763, 979.7274503881603, 282.88152069590996
54.4861328125, 13.739621657210032, 979.7262187652129, 282.99703988797796
54.522265625, 13.719256657499962, 979.7214779271776, 282.64853763312124
54.5583984375, 13.64974852494488, 979.7574629180247, 282.88030152356777
54.5892578125, 14.099778303353098, 979.7600912155924, 282.8010896823481
54.615234375, 13.908289147150429, 979.7474545430514, 282.43448712282844
54.64609375, 13.888279703741718, 979.786933677446, 282.3740409977187
54.6875, 13.84317587162429, 979.7948688891688, 282.6353857612763
54.7287109375, 14.11467320736218, 979.7628737729542, 282.6275979141488
54.7494140625, 14.156023801074566, 979.7760030047251, 282.68022081409407
54.785546875, 13.275515215339356, 979.788747230831, 282.6392401397571
54.8166015625, 14.292311309783447, 979.7519879796455, 282.5982908366591
54.852734375, 13.301153595535123, 979.7304862399658, 282.7099389778693
54.878515625, 13.500172048459957, 979.7612533544474, 282.8976215354454
54.9044921875, 13.920331932752958, 979.7615921759518, 283.0367314363194
54.9353515625, 13.197881324068826, 979.7423415198822, 282.7179763378192
54.961328125, 14.429003871613498, 979.7322724944362, 282.9471538069241
54.9974609375, 13.707275730477754, 979.7282753081291, 282.9540211615072
55.03359375, 13.764896705175376, 979.7602682970027, 282.6547551381499
55.0490234375, 13.714666405515032, 979.7620376485418, 282.8196614255658
55.08515625, 13.738063427432705, 979.7248172710314, 282.88756579378213
55.1109375, 13.381412621985058, 979.7198734052816, 282.8945645229435
55.1369140625, 14.039278623841387, 979.7233873770574, 282.8169280534217
55.1626953125, 13.395562027774293, 979.7084344798761, 282.977527179242
55.1833984375, 13.2238190456714, 979.7150381549784, 282.7984623414139
55.2091796875, 14.021952980351656, 979.7075025053534, 282.923009399811
55.2453125, 14.068765799711752, 979.7329758239966, 282.7235963624215
55.2814453125, 13.412690539862577, 979.7377082272506, 282.8632118012065
55.3125, 13.819619755145046, 979.7398566672887, 282.6542839720313
55.33828125, 13.884424125435517, 979.7296232063798, 282.66946657805516
55.358984375, 13.564950454046539, 979.7116611089809, 282.842660462622
55.40546875, 13.557108782631524, 979.728231084925, 282.7749455810062
55.43125, 13.37778379915323, 979.7246971883274, 282.7646795478151
55.45703125, 13.834427738565282, 979.7338392716575, 282.7844655829798
55.477734375, 13.46598818239019, 979.7389764931124, 283.23134977619395
55.5087890625, 13.537603278861834, 979.7061365260344, 282.96523664208996
55.5294921875, 13.462501481097263, 979.7169308695012, 283.0564307931419
55.565625, 13.528010813189738, 979.7458845674582, 282.8387740010737
55.59140625, 13.343207903563233, 979.6957947318997, 282.9142390246763
55.612109375, 13.260932157717175, 979.7307050560055, 282.878688563283
55.637890625, 13.669194649052606, 979.7171472061029, 282.9091804027075
55.6689453125, 13.41606967028383, 979.7165656785725, 282.84961565200956
55.6947265625, 13.32189715089672, 979.744976532786, 282.67118547840636
55.7412109375, 13.26440488561364, 979.751407018937, 282.5783379493591
55.77734375, 13.776403662238112, 979.7438750598908, 282.6611610307176
55.8083984375, 13.791647743255387, 979.7415211566051, 282.696364992744
55.849609375, 13.386557563167592, 979.7695340003996, 282.681985072708
55.8599609375, 13.287622078389411, 979.750610670717, 282.5481357788146
55.8806640625, 13.506464190136665, 979.7661826733596, 282.871378901206
55.9064453125, 13.65189008534459, 979.7555730874036, 282.6846682852157
55.942578125, 13.025734726389485, 979.7422897333671, 282.62208467812945
55.96328125, 13.18270869361117, 979.7509837860475, 282.6046026380755
55.9943359375, 13.535161074163856, 979.7679169806205, 282.7365733487305
56.0201171875, 13.497064940699687, 979.7379825706585, 282.78704612578747
56.076953125, 13.446356626089, 979.7633126971397, 282.64546327936483
56.09765625, 13.236530524647202, 979.7653484158152, 282.81878423658213
56.102734375, 13.46087814618521, 979.7494480026276, 282.5761312431181
56.1337890625, 13.023834743343883, 979.7716339968398, 282.8029419919978
56.154296875, 13.151332870866442, 979.7706846512431, 282.74840932679655
56.1802734375, 12.567949052536695, 979.7705135934374, 282.63955861423136
56.20078125, 13.172650935512292, 979.7501779751351, 282.55502305993906
56.2318359375, 12.67457714703374, 979.7418272439131, 282.6057476247777
56.26796875, 12.825881449787385, 979.7635189067685, 282.70885782111117
56.3041015625, 13.1227422244234, 979.7356622210132, 282.5866131725566
56.3404296875, 13.512185896967754, 979.7529202685131, 282.6478236186573
56.3609375, 13.223675355679807, 979.7699968073725, 282.7287659681857
56.3970703125, 13.13511226301822, 979.7684714944875, 282.52680055150347
56.423046875, 13.243957543949008, 979.7489617763845, 282.85439592317744
56.448828125, 12.892696963540738, 979.767298454567, 282.35655037862875
56.46953125, 13.270715276442669, 979.7806673892242, 282.4002481667296
56.4953125, 13.48299736371317, 979.7511575901362, 282.39846472017643
57.0376953125, 12.69191747690812, 979.7611869867932, 282.7556856828527
57.0841796875, 12.761950812708069, 979.7683452880799, 282.498926029999
57.1203125, 13.104033038271124, 979.7728493176776, 282.5458890753267
57.1357421875, 12.905600734283555, 979.7814299954641, 282.56018096519466
57.166796875, 12.977092222282307, 979.7727483456276, 282.4840543051202
57.2029296875, 13.085388937386892, 979.77426814128, 282.4484245791978
57.2236328125, 12.348368237558104, 979.800752888176, 282.24713866271605
57.2494140625, 12.425969015121524, 979.7711770150081, 282.36201667103364
57.2701171875, 12.866011919030141, 979.8122933722598, 282.4118734846485
57.285546875, 12.527417409007565, 979.785665435719, 282.3031840576071
57.33203125, 12.660640425238018, 979.7525817693195, 282.5137553805137
57.3423828125, 12.90469397030271, 979.8042320960499, 282.43035803928007
57.3578125, 12.55341691270834, 979.747693927201, 282.4803753355797
57.394140625, 12.232038948036186, 979.7460135642231, 282.60015758479744
57.419921875, 12.984560808352022, 979.7777531907215, 282.7200014003297
57.440625, 12.40031130362179, 979.7863049696088, 282.57429437867916
57.46640625, 12.951379083640672, 979.7675799031524, 282.704429355765
57.487109375, 13.115348938455542, 979.7634984323752, 282.6087879105925
57.5025390625, 12.942398063241136, 979.7720436548556, 282.4152861004734
57.538671875, 13.148994447225887, 979.7559473752439, 282.35728302845723
57.5541015625, 12.552364756833715, 979.7759280876421, 282.5149752908083
57.5697265625, 13.06633822473072, 979.7580680721982, 282.5398361596405
57.6005859375, 12.628230596194529, 979.8059335252046, 282.28617777694456
57.6265625, 12.583798763290686, 979.812400968313, 282.2734272825916
57.6626953125, 12.79623564090351, 979.7763617541248, 282.36609797958306
57.6833984375, 12.26042813757847, 979.7875293939968, 282.4260797870756
57.7091796875, 12.596814991518263, 979.7790329156378, 282.576682596894
57.724609375, 12.595016375640398, 979.7667411308512, 282.64425999158624
57.750390625, 12.919133001032511, 979.7652790892259, 282.7069288941481
57.7763671875, 12.211226632267278, 979.7749805131997, 282.49099053830287
57.8021484375, 12.289280683338882, 979.7383155489634, 282.60637895982774
57.817578125, 12.79813211598482, 979.7353913847222, 282.5486290421249
57.8330078125, 12.403123633773678, 979.7480035247345, 282.72683181542334
57.8537109375, 12.444682655528618, 979.7345136410743, 282.8799823494559
57.8744140625, 13.088382372713554, 979.7565246047902, 282.61639681554476
57.88984375, 12.496359929249122, 979.7700243020523, 282.4231624422369
57.9259765625, 12.458407002388826, 979.7620960626598, 282.6967834458904
57.9416015625, 12.450453641946654, 979.7838084435382, 282.3906620327051
57.977734375, 12.282682562309834, 979.7394880707236, 282.4610255185131
57.9931640625, 12.5466131426342, 979.7494551354785, 282.4284252656488
58.019140625, 12.660499430729637, 979.7764459864368, 282.3105782675166
58.05, 11.97094315299585, 979.7599997186328, 282.4639234737836
58.0603515625, 12.116659460698896, 979.7946081612073, 282.5494265703695
58.1017578125, 12.385698112811598, 979.747934573686, 282.4667863328487
58.1171875, 12.949086581508277, 979.7754922388798, 282.5800499871578
58.14296875, 12.302144058073859, 979.7781063239294, 282.6555773202146
58.184375, 12.368676877917471, 979.7522550419725, 282.778740608836
58.1947265625, 12.175511016264931, 979.7886309665182, 282.5481138204567
58.1998046875, 12.125956244162861, 979.7475119904859, 282.6940201112813
58.205078125, 12.112189341935856, 979.7513153001898, 282.74188595545206
58.2359375, 12.418208855589272, 979.7521549748994, 282.6519917913696
58.2720703125, 12.378769646217512, 979.7767570607602, 282.59463637127226
58.27734375, 12.815040434565125, 979.7585256300605, 282.7580627851734
58.303125, 12.364654765885707, 979.7441197907668, 282.75336394654204
58.32890625, 12.374412449556868, 979.7499267981515, 282.771422375017
58.349609375, 12.662043899534213, 979.742563334203, 282.61370249716333
58.3806640625, 12.168870694728609, 979.7384175823692, 282.55644309643867
58.4013671875, 12.71595607173553, 979.7354399203427, 282.9506721939301
58.4064453125, 11.797151110883194, 979.7797566643645, 282.57688322309605
58.4271484375, 12.478957844158172, 979.7556022017819, 282.7005504362578
58.4580078125, 12.34722237926554, 979.7766924432693, 282.54291671244135
58.483984375, 12.105438440220599, 979.7698795563027, 282.30992923659466
58.4943359375, 12.4800371622919, 979.7507663520649, 282.64929262161087
58.5251953125, 12.625527493648306, 979.7691903265451, 282.56936728880004
58.53046875, 11.965637572385926, 979.766795435873, 282.2158131258154
58.551171875, 12.032972331761103, 979.7646650678834, 282.472461526744
58.5716796875, 12.339208650760641, 979.7660959337672, 282.59594010527184
58.5923828125, 12.614320733990185, 979.7542885353515, 282.57637476724597
58.6078125, 12.372499170569014, 979.7768236530401, 282.3611753071717
58.64921875, 12.00135752382978, 979.7799709998123, 282.7712030503355
58.669921875, 12.031036515210618, 979.7284786226803, 283.11068674153444
58.690625, 11.863348566823932, 979.7384543672094, 283.13642956543595
58.70078125, 12.053088272158485, 979.7195850211472, 282.94927026071394
58.7318359375, 12.088552940860167, 979.7335552489453, 283.01255174409437
58.7525390625, 12.517656519332666, 979.7106408396312, 282.9577931859719
58.7421875, 11.870854534944492, 979.7743068392832, 282.600985401338
58.7525390625, 12.103718714844485, 979.7666551416104, 282.75004676231066
58.788671875, 12.280799206596889, 979.7283866212439, 282.8383686296685
58.8197265625, 11.656684199601504, 979.735897299527, 282.70389742724393
58.830078125, 11.847586402536784, 979.7112174478185, 282.9977948287919
58.8248046875, 11.717522520157353, 979.7132336361028, 282.9654753108491
58.83515625, 12.382558406866123, 979.7358012908626, 282.92584450469707
58.8455078125, 12.184055878694771, 979.7437087310594, 282.682360055687
58.8662109375, 12.521989774695133, 979.7782135025964, 283.0573187145321
58.8869140625, 12.113751904395537, 979.7165072916509, 282.81734897601484
58.90234375, 12.48720830329277, 979.6964550741181, 283.16007103554625
58.923046875, 12.284358352962014, 979.6658222802664, 283.431618255829
58.9384765625, 12.269484943425173, 979.7192130023659, 283.1084888752834
58.9591796875, 12.361494633035797, 979.714665943339, 283.00128562665543
58.9849609375, 12.309297342785934, 979.7034222529496, 283.0475612584105
58.9798828125, 11.916190899673422, 979.7157652549072, 282.93675201826454
58.9953125, 12.247702811920142, 979.698378051433, 283.1157130343302
59.0263671875, 12.332113527273668, 979.6909029941656, 283.10427380621894
59.041796875, 12.324131911531676, 979.7002076330733, 282.9570611479351
59.0572265625, 11.780519903997076, 979.6901126679649, 282.5643285779089
59.08828125, 12.123700381539093, 979.728481543389, 283.0715935123123
59.1037109375, 12.228435521664919, 979.6799523280945, 283.454611490031
59.0986328125, 12.221540778833957, 979.6899243897802, 283.1075432158894
59.1037109375, 12.214645714270077, 979.7113282122529, 283.0373160862433
59.1193359375, 11.88772909891014, 979.6798232584774, 283.031196607461
59.15546875, 11.916693013389967, 979.6758599082954, 283.0448278585725
59.1708984375, 12.506011989677246, 979.7208387598902, 283.06693753084585
59.1966796875, 12.097127600410722, 979.6963814619453, 283.0274964474041
59.22265625, 12.674179755877866, 979.6977690862249, 283.1593275126957
59.2431640625, 11.88464443338026, 979.7220179054675, 282.90661502756075
59.253515625, 12.321844671812606, 979.7167260063503, 282.99717300087195
59.269140625, 12.179004078151717, 979.7089874287614, 283.040466724651
59.27421875, 12.59697567856894, 979.7004008735082, 283.03848502436205
59.2896484375, 11.851221922044683, 979.7006338960186, 283.0135549114312
59.3, 12.189499500758647, 979.7085365890831, 283.12707036456595
59.294921875, 12.355535868058176, 979.707236952916, 283.10803455877425
59.3310546875, 11.83630119815296, 979.6988786944436, 283.3252637397252
59.346484375, 12.54296649745769, 979.6958107986873, 283.2235599503936
59.3671875, 11.868848104274736, 979.7165213255385, 283.10417778792413
59.387890625, 12.491471486713827, 979.6955781570011, 283.0497327184499
59.4033203125, 12.057747415345494, 979.69757047755, 282.9270277297679
59.4033203125, 12.297089215806283, 979.7176605206201, 282.9159540243297
59.4447265625, 12.067877349079263, 979.699095192873, 283.1332795747034
59.4447265625, 12.060235029356454, 979.7374443920319, 282.95019564276834
59.4755859375, 11.979337763297078, 979.7164953499923, 283.13474969688224
59.4912109375, 12.071090355182937, 979.6920160972813, 283.11054656039875
59.4962890625, 11.755859676856478, 979.6887107537851, 283.09354882482273
59.5169921875, 11.952450752572007, 979.7032741372601, 283.0240623074361
59.52734375, 11.883511158121411, 979.6917633081481, 283.14296338338363
59.5169921875, 12.186411968700934, 979.6926862651632, 283.1599513477108
59.5376953125, 12.51864384970703, 979.7098544814243, 283.20147554784154
59.548046875, 12.06086956958011, 979.7083113604192, 282.9640345182742
59.5583984375, 12.066674144343587, 979.6836050214233, 282.99954653773585
59.56875, 11.84933929937323, 979.6838257881639, 283.2320945369546
59.5841796875, 11.675896375589454, 979.658633775055, 283.2853146073823
59.615234375, 12.382216711668494, 979.7086207351316, 283.1721878562337
59.6357421875, 12.079282695093667, 979.6976267420067, 283.2537797638288
59.6357421875, 11.96677620994161, 979.6808159289518, 283.2972470957919
59.6513671875, 12.366594197662234, 979.6894508041817, 283.10441778557447
59.6771484375, 11.668071121546216, 979.6858322601843, 283.0633888545351
59.6822265625, 12.28384818974837, 979.6986176075849, 283.0748510119116
59.718359375, 12.258078892755082, 979.6699651943444, 283.28448667360885
59.733984375, 11.998604554658732, 979.649407219506, 283.0791733104475
59.7236328125, 12.282379750006143, 979.681180163026, 283.10324341578024
59.7287109375, 11.801182039630513, 979.6992588595326, 283.23996630069735
59.759765625, 12.286359791463779, 979.7164084648002, 283.05331153641686
59.7958984375, 11.937902162816302, 979.7282604742461, 283.13856704399683
59.8216796875, 12.201742998017039, 979.7235958996998, 282.95456154604835
59.8423828125, 11.854726202105846, 979.7336774119424, 283.02654823953685
59.84765625, 12.34763693732147, 979.7160224195105, 283.00170677962956
59.852734375, 12.216587350169554, 979.7118647356566, 282.92617613265986
59.8734375, 12.049973322885931, 979.7521652282284, 282.91376347827287
59.9044921875, 12.213642730649994, 979.7110368984814, 283.1200296645198
59.9302734375, 12.168607396119048, 979.7326358022938, 282.77706184979235
59.9509765625, 12.223791038794653, 979.6999202091931, 282.95835839507396
59.9353515625, 11.79174833652335, 979.7220414455267, 282.89253738372156
59.9509765625, 11.91519459570128, 979.7409410266267, 282.98684626116824
59.9921875, 12.176903456793188, 979.7291897630874, 282.9221316008124
60.012890625, 11.737141727830716, 979.7410211695548, 283.08492330230604
60.0283203125, 11.970255217661567, 979.7237632687979, 282.94553455862183
60.054296875, 11.974945002253529, 979.7206308653008, 282.9740612269792
60.064453125, 11.838744778856396, 979.6790762879616, 283.04082557391445
60.0904296875, 11.898266417626353, 979.6803023418638, 283.1647006158014
60.1109375, 12.12558761275039, 979.6879572476594, 283.268818219712
60.131640625, 12.129922064067584, 979.6916856097326, 283.13916876007147
60.147265625, 12.37541744267116, 979.6973750156238, 283.02038450535275
60.173046875, 11.725962382978656, 979.6983982231944, 283.0553479862044
60.19375, 12.36050815721899, 979.6890154689889, 283.29552921923084
60.2091796875, 11.544246676264942, 979.6821425421678, 282.9758362345313
60.2349609375, 12.345970457030388, 979.6772270458661, 282.99477212465746
60.2453125, 11.806465395442435, 979.6882081364039, 283.0465450175467
60.266015625, 11.811895908959853, 979.6882850308447, 283.3002887682679
60.2814453125, 11.841287734533784, 979.6833637999539, 283.31380326937125
60.3021484375, 11.906634208132685, 979.672199081932, 283.2334388598829
60.3228515625, 11.807053888409676, 979.7019697817923, 283.13251551844144
60.3537109375, 11.59514752613634, 979.7076429418971, 283.093653650994
60.358984375, 12.310993944221197, 979.6959138979947, 283.32041663532334
60.3640625, 12.062804082166442, 979.7406421003839, 282.78815811488704
60.3900390625, 11.784055775368119, 979.7043615313496, 282.94583973988773
60.410546875, 11.578666883290154, 979.7249898936597, 282.6554731902851
60.426171875, 11.398350656236667, 979.7050962133064, 283.14424663225776
60.451953125, 12.373441319130798, 979.7141139106021, 282.9516437682007
60.446875, 12.316744441965247, 979.7259030080619, 283.2248570950447
60.477734375, 11.530531405544842, 979.7019859473256, 283.2137039010651
60.493359375, 11.510486095206065, 979.7095953976866, 283.1749143188829
60.5138671875, 11.39193650017481, 979.6565796960008, 283.3009502693953
60.5345703125, 11.699448772148205, 979.6959941642133, 283.2072072477365
60.55, 11.64307630752265, 979.6971699071688, 282.95414799479477
60.5552734375, 11.690653346406162, 979.6946320639732, 283.2949401271819
60.5759765625, 11.559735606747266, 979.6859710732175, 283.163970389501
60.596484375, 11.985462798086497, 979.7039960731406, 283.3439607529373
60.6224609375, 11.792001682322471, 979.646489059585, 283.0824359152616
60.6431640625, 11.537812294471376, 979.6645112461592, 283.0739673067491
60.6533203125, 11.943930274272113, 979.6780482927094, 283.2016244087833
60.6740234375, 11.894479137624057, 979.6888261331263, 283.06958372415363
60.6896484375, 11.669690310085302, 979.6714926840956, 283.1201927492151
60.6947265625, 11.866770367761795, 979.6707129812048, 283.33749004740594
60.7205078125, 11.29103699233029, 979.6808421050232, 283.3593214209885
60.730859375, 11.78379355738532, 979.6705737391021, 283.2752795454108
60.7515625, 11.73976623226913, 979.6742777842983, 283.3797370570119
60.7619140625, 11.269079898063865, 979.668190369571, 283.31639033293
60.772265625, 11.991023511727443, 979.6550300300911, 283.284721555335
60.798046875, 11.916084307749696, 979.6924894669081, 283.3286919838942
60.81875, 11.715605324743409, 979.6667851921619, 283.19092777380416
60.8291015625, 11.889129330657601, 979.6770736981761, 283.49905716509
60.839453125, 11.745775786769721, 979.6867285912535, 283.2637786085977
60.849609375, 11.404885562662898, 979.7029697603788, 283.2610058392112
60.8703125, 11.668947991274308, 979.6660025471018, 283.1991094069056
60.8859375, 11.786085543743143, 979.6597437417782, 283.3338950275244
60.9064453125, 11.308708717988713, 979.6449672085192, 283.24855641138026
60.91171875, 12.031224876215521, 979.6857977298287, 283.2925833144851
60.9271484375, 11.578614731772506, 979.684351222004, 282.958363039005
60.942578125, 12.02281151655219, 979.6856271501343, 283.0615598862181
60.958203125, 11.650585138296732, 979.7068631221631, 282.87988848116527
60.96328125, 12.033709406361547, 979.7042825670729, 283.1068504115693
60.97890625, 11.865216628095137, 979.704600356359, 283.2554853726253
60.9994140625, 11.511111527650232, 979.7020331614566, 282.95971691325474
61.0201171875, 11.540920443365751, 979.6729371947225, 282.98732356946687
61.03046875, 11.429174097748708, 979.7060413909609, 283.01626573027744
61.0458984375, 11.600898090256457, 979.6973546958245, 283.07547796717387
61.05625, 11.4880372819258, 979.6902876727565, 283.1044304132569
61.0666015625, 11.617585424091876, 979.6968613598189, 283.3136853143639
61.0873046875, 12.013176167482298, 979.6852903564035, 283.19953261170747
61.09765625, 11.870136616923935, 979.6854439616551, 283.1087300494368
61.1130859375, 11.985087904534868, 979.6918650903294, 283.1212775319708
61.1130859375, 11.353553700749936, 979.6841332664173, 283.05254008904024
61.144140625, 11.463815985587242, 979.6957065216702, 283.00457446297355
61.1595703125, 11.580639632668834, 979.7047020630038, 283.2605976441158
61.16484375, 11.573328431913472, 979.6908522090454, 283.05566416194813
61.1751953125, 11.968624553176895, 979.6918096371952, 283.03926356918527
61.195703125, 11.720348667825363, 979.7096485533593, 283.0903107361514
61.211328125, 11.50261921972843, 979.6868004804959, 283.324334721761
61.2216796875, 11.433025615532888, 979.7055936764028, 282.7851632412413
61.2216796875, 11.729357357059117, 979.7367779554739, 283.01785925524763
61.2421875, 11.381994141216023, 979.7295458683236, 282.9738001391987
61.2474609375, 11.684531246456352, 979.7219566041491, 283.0690389981641
61.262890625, 11.95610973526901, 979.6997636251137, 283.2438024425237
61.28359375, 11.206016429737696, 979.6752854172224, 283.454509331574
61.2939453125, 11.731795678512965, 979.6914970832071, 283.32530003540785
61.309375, 11.488890870475073, 979.6897278140856, 283.22377884272566
61.3146484375, 11.791459651260336, 979.667532100299, 283.5265560932264
61.3197265625, 11.586045531647928, 979.6705521291397, 283.1456639943695
61.33515625, 11.542341014677898, 979.6756994881138, 283.3878906442595
61.3455078125, 11.968364370614056, 979.6917659482446, 282.9327004437087
61.355859375, 11.621314017122193, 979.7168212465368, 283.114374461708
61.3662109375, 11.793537066442301, 979.6965536906044, 283.2040200515109
61.381640625, 11.291290313915534, 979.6921901967132, 283.2028313591222
61.3869140625, 11.649642417853736, 979.6887917401132, 283.15622533183176
61.4076171875, 11.35788195221043, 979.710305718324, 283.1247625725052
61.4126953125, 11.839702965088696, 979.689210378013, 283.24471137948154
61.41796875, 11.269299682703675, 979.6988608641691, 283.04553381282767
61.44375, 11.51623194908676, 979.6901514120098, 283.1900888961226
61.448828125, 11.342089663086657, 979.66905384355, 283.5080640591765
61.4541015625, 11.750405544614422, 979.6450808060076, 283.6060488981836
61.4849609375, 11.594097661513414, 979.6382748009532, 283.33003445313426
61.5005859375, 11.591082394847206, 979.6765112515603, 283.108903689006
61.5056640625, 11.307341673361973, 979.6819556510981, 283.41290340967305
61.5263671875, 11.380143222881417, 979.6820903123372, 283.15319574640336
61.5212890625, 11.721132161702634, 979.6529728573057, 283.4397921712369
61.53671875, 11.731647493913474, 979.6638595100621, 283.60637587295275
61.5470703125, 11.898488976834294, 979.7028933915168, 283.1941198212398
61.5625, 11.394932462886795, 979.7064332628814, 283.52046487112534
61.5728515625, 11.853261168802321, 979.6845267495233, 283.29218249814625
61.583203125, 11.537021973706985, 979.6766080515519, 283.4425231471433
61.5986328125, 11.43678996913278, 979.6696591547724, 283.44141990267735
61.5986328125, 11.708573738128424, 979.6734600343556, 283.372913279287
61.6142578125, 11.640056795280497, 979.6646096963023, 283.372913279287
61.6142578125, 11.540195083511016, 979.6795687326444, 283.63612221516036
61.6400390625, 11.668783747115507, 979.6815976358304, 283.40893354228007
61.6451171875, 11.098851294865275, 979.6693352371896, 283.5759554114144
61.65546875, 11.542998031048773, 979.6808819990007, 283.2625334977502
61.65546875, 11.778030739883633, 979.6730036996523, 283.3303705622702
61.676171875, 11.809003663913375, 979.6614097914862, 283.4280664531732
61.68125, 11.356384684999984, 979.688217724348, 283.4039633997641
61.696875, 11.869084978191387, 979.6766229285557, 283.04876749311165
61.696875, 11.862508879009345, 979.6536094587402, 283.07692978333796
61.7123046875, 11.55819239454021, 979.6636865178323, 283.2200657032431
61.717578125, 11.415692163435926, 979.6680236286043, 283.3250407969994
61.727734375, 11.377013453115074, 979.6710184946653, 283.4007806209373
61.743359375, 11.73710700512333, 979.695625632093, 283.272791318817
61.7484375, 11.059840739302112, 979.6975206614168, 283.36262762001934
61.7537109375, 11.028856165198459, 979.6815869304259, 283.1192059780835
61.7587890625, 11.72828852936974, 979.6561292536903, 283.3385879578117
61.77421875, 11.424679732726169, 979.691537803031, 283.04137168487205
61.7794921875, 11.374735986062271, 979.6942276424691, 283.08001842387904
61.7845703125, 11.68341238013342, 979.6747524974943, 283.033533262069
61.8052734375, 11.118374917535828, 979.7086378081849, 282.9055456217627
61.794921875, 11.58314718443725, 979.6881864934969, 283.1014494451871
61.8001953125, 11.291897173888668, 979.6828748907232, 283.03982309125354
61.815625, 11.810912157452897, 979.7201785993443, 282.9092434927108
61.815625, 11.408122303979566, 979.6733493727062, 282.917601004147
61.8259765625, 11.264450039619433, 979.7107746248856, 283.1145462691111
61.836328125, 11.512715478863962, 979.7001510121642, 282.93070815448334
61.8310546875, 11.239285659088663, 979.7035103442709, 283.0519086136502
61.8466796875, 11.406232747768605, 979.6928865763049, 283.0357447333129
61.8466796875, 11.176544506026886, 979.7002097864315, 282.82262892677784
61.85703125, 11.269124241953204, 979.7268900842748, 282.91353096213254
61.8673828125, 11.652245822443533, 979.7110730749725, 283.02795194242435
61.862109375, 11.454682673121876, 979.6950173287926, 282.90574124788566
61.8724609375, 12.01712468195179, 979.7189494903491, 283.10948320561766
61.8724609375, 11.371462059071654, 979.6870760248836, 283.0714010487329
61.887890625, 11.366396291548895, 979.7012420064375, 283.0552539662886
61.887890625, 11.340471007544929, 979.6971441451301, 283.2464400385905
61.887890625, 11.445453289669075, 979.7103326471619, 283.1545385912662
61.90859375, 12.052070805463833, 979.7033671008463, 283.33636000271343
61.903515625, 11.853388213460944, 979.6821171682424, 283.2444616766748
61.903515625, 11.611289518173571, 979.7017134509815, 283.3808306495487
61.9138671875, 11.431926678708967, 979.6939544202143, 283.1735070051366
61.9240234375, 11.449763659161496, 979.6868709485782, 283.060670864418
61.9240234375, 11.418399129120777, 979.686684307632, 283.25765137468306
61.929296875, 11.64735435006933, 979.6842373635345, 283.4546355211679
61.9447265625, 11.330470089910277, 979.6967494497327, 282.96780264424604
61.95, 11.81320188305834, 979.6903419641982, 283.27182878162745
61.9603515625, 11.751219433093066, 979.6719563719322, 283.1731746227832
61.9603515625, 11.583861290643352, 979.7004066495905, 283.4772038381155
61.97578125, 11.428520734440392, 979.6720712751019, 283.31534995501113
61.97578125, 11.476968479569571, 979.6934375723171, 283.3295407272312
61.9654296875, 11.415363976624333, 979.6675496773486, 283.21670510142206
61.97578125, 11.55135634453, 979.6516109218344, 283.29247264170164
61.980859375, 11.550229504538937, 979.6649127786346, 283.398548101899
61.996484375, 11.922537942225992, 979.6650262129405, 283.3917885444419
61.9912109375, 11.804766539983172, 979.6774234917364, 283.2915154098349
61.996484375, 11.778838363795524, 979.7068539683347, 283.2241415597612
61.996484375, 11.871819815060043, 979.6802881522701, 283.047147505469
62.0119140625, 11.387916464365114, 979.6881630597032, 282.9949291385509
62.0068359375, 11.49292243427529, 979.6680035665975, 283.3360242198857
62.022265625, 11.257333840673331, 979.6697746466162, 283.1767779261968
62.0068359375, 11.622739140267859, 979.6858269710058, 283.2686513284547
62.02734375, 11.715727736862187, 979.6998053175593, 283.3889387619257
62.0171875, 11.764569182561253, 979.6838651123984, 283.2516049933856
62.02734375, 11.541019713491604, 979.680322845437, 283.1842342789687
62.02734375, 11.386397257427479, 979.6867291576032, 283.15973656429543
62.0376953125, 11.571632948032693, 979.6796445690942, 283.2296980131391
62.048046875, 11.479022496504511, 979.657298117742, 283.0991182271517
62.0376953125, 11.614660179803426, 979.6939253315484, 283.30453378237974
62.04296875, 11.73206865670964, 979.6921541572963, 283.24972833606023
62.0583984375, 11.328702826485927, 979.6947151142892, 283.1368945385045
62.0583984375, 11.930447800133045, 979.7028924661389, 283.30360012908744
62.063671875, 11.415506090730736, 979.6752320573527, 283.2639510760539
62.0791015625, 12.022688162825526, 979.7012320447277, 283.18724569341185
62.0583984375, 11.643765917448603, 979.6888334506414, 283.15018933198024
62.06875, 12.015376838450587, 979.6780132149196, 283.08956786034116
62.073828125, 11.246572364190161, 979.6569513689957, 283.39267866247354
62.073828125, 11.37058460029352, 979.6675787267549, 283.41457838817536
62.09453125, 11.65542607119989, 979.6833269747844, 283.08864272369834
62.0791015625, 11.568239123760423, 979.6950464964709, 283.19473211455215
62.089453125, 11.469419363755224, 979.6791050919674, 283.2317869335682
62.089453125, 11.742225791220987, 979.6905217016741, 283.1711645329933
62.09453125, 11.97668649204156, 979.6853170377382, 283.34629021684873
62.089453125, 11.834472978655432, 979.703030110397, 283.2553550971626
62.09453125, 11.933288433389801, 979.6639525042007, 283.31597842418296
62.09453125, 11.901922208313724, 979.6846372159115, 283.38501667312937
62.09453125, 11.356289676353896, 979.703030110397, 283.2392803521576
62.09453125, 11.703520299707167, 979.6977161877857, 283.11129166692774
62.1048828125, 11.400068005183357, 979.7076643882733, 283.08680414709715
62.0998046875, 11.938740296550371, 979.6853170377382, 283.2325397518454
62.0998046875, 11.840290766453936, 979.6906309587221, 283.15675953732494
62.11015625, 11.597359393716438, 979.6793232549187, 283.3141466599338
62.1048828125, 11.733769011831892, 979.6828658955033, 283.3225648326972
62.11015625, 11.999259437300159, 979.6934938191164, 283.26867776988547
62.11015625, 11.616331343949268, 979.6952651399896, 283.1710013793904
62.11015625, 11.938373390041479, 979.674117612563, 283.09522045999074
62.1203125, 11.758570184771775, 979.6694837600166, 283.3831908167814
62.1255859375, 11.571801210070209, 979.6926194664687, 283.398347366624
62.1048828125, 11.758570184771775, 979.6623984291199, 283.09430906607724
62.1203125, 11.80158928084291, 979.6936024307346, 283.14651581232033
62.1203125, 11.943458639207927, 979.6581754955786, 283.4496465030632
62.115234375, 11.763649965834217, 979.7023724583015, 283.2458737139101
62.1203125, 11.838054684358736, 979.6706827282463, 283.4335854469056
62.1255859375, 11.664441193904718, 979.6714707414689, 283.3510666144222
62.1255859375, 11.826022129257385, 979.6689113550617, 283.46389940073783
62.1203125, 12.017479328941388, 979.6529689998883, 283.34264410209533
62.1306640625, 11.800852524427471, 979.6494262551466, 283.18434146452944
62.1306640625, 11.609005434154405, 979.6671399819548, 283.4116945875146
62.1359375, 12.136387273197416, 979.6458835107151, 283.5490094679601
62.1306640625, 11.887656944126224, 979.6627208179348, 283.6693673161712
62.1255859375, 11.42918132466459, 979.6458835107151, 283.6551090163458
62.1203125, 11.732264215652876, 979.655528267435, 283.3510666144222
62.1306640625, 12.09113472262692, 979.6370266509921, 283.6238952060456
62.1306640625, 12.296108290241815, 979.655528267435, 283.47322472212494
62.1306640625, 12.054679572666974, 979.6378144147593, 283.6381571355057
62.1359375, 11.69506051678146, 979.642144875924, 283.48748003829286
62.1359375, 11.90587620574059, 979.6590710389, 283.472322905076
62.1359375, 11.949277846674814, 979.6466713401284, 283.472322905076
62.1359375, 11.682659195230839, 979.6502141108186, 283.5329515671064
62.141015625, 12.160078098219568, 979.637707325584, 283.5481087864418
62.1306640625, 11.917909573748483, 979.6679279689188, 283.4420087032385
62.1359375, 11.837672530785317, 979.7000276131466, 283.5490094679601
62.1359375, 11.682289542330334, 979.6704872564716, 283.426851634613
62.1359375, 11.70746179403534, 979.669699355155, 283.21465493438933
62.1306640625, 11.682289542330334, 979.6740300554352, 283.3359096749695
62.1306640625, 11.986478821296632, 979.6448999548996, 283.30559586065044
62.1359375, 12.172477714345646, 979.6875206028085, 283.4942134406885
62.1306640625, 12.153513613707483, 979.6714707414689, 283.2440671664994
62.141015625, 11.59584870406773, 979.6820990609787, 283.426851634613
62.141015625, 12.1542569477968, 979.6777682217594, 283.46389940073783
62.1359375, 11.868674367332314, 979.6724541015082, 283.5177943693081
62.1203125, 11.565600467298184, 979.6589636293503, 283.3881146776209
62.1306640625, 12.14842188467445, 979.674225474848, 283.4049615224566
62.141015625, 11.745417511759914, 979.695286855725, 283.403271579187
62.141015625, 11.861724372081602, 979.6775728547084, 283.3510666144222
62.1255859375, 11.590773978990821, 979.6679279689188, 283.22307740689047
62.1255859375, 11.819071295966898, 979.6882012543884, 283.27618690180554
62.1255859375, 12.055059338402923, 979.6483354760724, 283.56507083572495
62.1306640625, 12.010913078806192, 979.6830823427077, 283.23654684602735
62.1255859375, 11.987225749880482, 979.6412500421035, 283.4883816282337
62.1255859375, 11.825271718647222, 979.6446851073026, 283.38901967602385
62.1255859375, 12.049590894272331, 979.6502141108186, 283.5944805738048
62.11015625, 11.590403371944008, 979.631605314553, 283.5641664817096
62.1203125, 11.85194083165423, 979.6457760755969, 283.6012150776489
62.115234375, 11.845372894833359, 979.6393711122686, 283.53475728394966
62.1203125, 11.603559947172503, 979.6333766594122, 283.8143172379479
62.11015625, 12.38547935838238, 979.6493187666327, 283.5414940163617
62.11015625, 11.820572341994813, 979.6617181876993, 283.3132366266067
62.115234375, 11.801971811096902, 979.6368115920815, 283.52633737524275
62.115234375, 11.839540730929546, 979.6474395036064, 283.3444593609335
62.1048828125, 12.012391781752815, 979.6588557641367, 283.3528777816874
62.115234375, 11.690366532867433, 979.6562960986748, 283.4286605308908
62.11015625, 12.094478487752307, 979.6509821414013, 283.5205094750909
62.1048828125, 11.933288433389801, 979.667603972828, 283.1019601639334
62.09453125, 12.051461659153885, 979.6757806146442, 283.53566599158466
62.089453125, 12.447468992785044, 979.6446851073026, 283.2325397518454
62.0998046875, 11.71008984732655, 979.6605187490336, 283.5887876579432
62.11015625, 12.348647596124048, 979.6436797710968, 283.27051089663064
62.09453125, 11.989085837717845, 979.677443107772, 283.21830104156345
62.0998046875, 12.03286316086684, 979.6756718143718, 283.1938124662573
62.089453125, 11.685672901417362, 979.6816653005792, 283.40691406049143
62.089453125, 11.803841798163058, 979.6425881669758, 283.4304850246985
62.0841796875, 11.835223083123312, 979.6710376218222, 283.44396804776375
62.09453125, 12.559782025399185, 979.6726994557523, 283.3008225601384
62.089453125, 12.36142195981914, 979.6844188927712, 283.22504356280797
62.0841796875, 11.884820620197356, 979.6755625584857, 283.3985003109737
62.073828125, 11.742594736799477, 979.6506554950888, 283.8179663863083
62.06875, 12.419048629675125, 979.6711211799612, 283.4448897800737
62.073828125, 12.139726347625427, 979.6675787267549, 283.33205581325376
62.073828125, 11.66856562180306, 979.6754528470067, 283.2175564395594
62.063671875, 12.164522509147007, 979.6664866145907, 283.3691114617791
62.06875, 11.978927501347178, 979.6524267340079, 283.4458154110636
62.063671875, 12.456600766654201, 979.6753426799554, 283.2791063189213
62.0583984375, 12.413211947400194, 979.662944188987, 283.4003490367351
62.048046875, 12.35196584052863, 979.6681473117001, 283.4770555102687
62.0376953125, 12.389532126599969, 979.6646049393385, 283.3700382281323
62.048046875, 11.874654811832194, 979.6557490097906, 283.3255035227043
62.04296875, 12.22911448353931, 979.6555269853847, 283.3348437154414
62.0376953125, 12.482866191224325, 979.6691288990702, 283.34065862460676
62.0326171875, 11.720422061651101, 979.6585018612282, 283.47798848397406
62.02734375, 12.055174254015524, 979.6555269853847, 283.46377051434786
62.0376953125, 12.29146137585559, 979.6493118818266, 283.15973656429543
62.0326171875, 12.41468694993416, 979.6679249135128, 283.2052005431343
62.02734375, 12.390994147091616, 979.6415493088731, 283.357687226567
62.02734375, 12.341786111816202, 979.6504048374262, 283.4798661256872
62.02734375, 12.099309958732126, 979.657489261663, 283.5404847986379
62.02734375, 12.205790537560318, 979.6918181183215, 283.4714651032883
62.0119140625, 12.280168340035232, 979.6776493678651, 283.43534769577167
62.0119140625, 12.323931304584164, 979.6626903270059, 283.21384169240554
62.0171875, 11.896614448135969, 979.6739945240781, 283.4260016964744
62.0015625, 12.206532419408035, 979.6430960390613, 283.3141137158341
62.0015625, 12.306440022624388, 979.6802881522701, 283.5188246641296
61.996484375, 12.114303780808298, 979.6482962450699, 283.6097497216501
61.996484375, 12.306816832574246, 979.7283335722054, 283.376634740267
61.9861328125, 12.232807225103144, 979.6712058326797, 283.163526510928
61.9861328125, 12.05343274878064, 979.6560577153142, 283.23185856643846
61.980859375, 12.034838621251689, 979.6480689770167, 283.247012052977
61.9654296875, 12.313014530564482, 979.6818318343003, 283.42981465565583
61.9705078125, 12.394683257146138, 979.694228839715, 283.45173011167776
61.9654296875, 12.36443473606945, 979.656923839642, 283.31534995501113
61.9705078125, 12.320676952810073, 979.6756131958285, 283.38531783081453
61.955078125, 12.347320273744135, 979.7039485727958, 283.31631657136614
61.9447265625, 12.730054432104252, 979.6701854383845, 283.2489395700735
61.955078125, 12.036709275005192, 979.6843529089348, 283.31052061094454
61.95, 12.625443031204437, 979.6885710434452, 283.2566760570637
61.9396484375, 12.471258778252672, 979.6494955520343, 283.3417985968882
61.9396484375, 12.099429986200885, 979.6895500861702, 283.1203025042496
61.929296875, 12.27331818922431, 979.6919969897915, 283.2879563913036
61.929296875, 12.583159506761389, 979.668067223683, 283.24926855044663
61.9138671875, 12.336390001745334, 979.6868709485782, 283.4404592552713
61.90859375, 12.671000678594753, 979.6431589874333, 283.30408746481993
61.9138671875, 12.299585839331018, 979.6732630329489, 283.5172013651727
61.903515625, 12.102026748102354, 979.6661797261081, 283.6848597010255
61.903515625, 12.771239421131426, 979.6706997239276, 283.2444616766748
61.8931640625, 12.79565128201142, 979.6731458266177, 283.3515119268448
61.8931640625, 12.412225096603326, 979.6837706290025, 283.5797795055464
61.8931640625, 12.26462597188783, 979.6776654805058, 283.58655417196434
61.8931640625, 12.821533907112416, 979.6545276457856, 283.3289745016426
61.8828125, 12.431550946461751, 979.6509861268196, 283.62363338169564
61.8775390625, 12.891124605168905, 979.6614925158575, 283.45118158007614
61.8673828125, 12.537979837240036, 979.6455559204638, 283.3451215541881
61.862109375, 12.266092508680286, 979.6773102532545, 283.3074487303704
61.8517578125, 12.706724825980055, 979.6541720943092, 283.45318104701977
61.8517578125, 12.446888765161804, 979.6701082125817, 283.34712419885847
61.8466796875, 12.422467449149234, 979.6728559048527, 283.40873424010664
61.84140625, 12.83135599827819, 979.6806124669496, 283.3084544978033
61.8466796875, 12.354690756691436, 979.6787215566864, 283.0064582801467
61.8259765625, 12.677210906496875, 979.6858040658763, 283.2650269676594
61.8259765625, 12.832811793717976, 979.6842155983081, 283.2127892530807
61.8310546875, 12.61561914156952, 979.6789037950832, 283.6134876621583
61.8259765625, 12.702349508492826, 979.6972829662086, 282.9385173382009
61.810546875, 12.765399298480865, 979.6670617601256, 283.37990661553056
61.815625, 12.31971931557752, 979.6669400865821, 283.1307201249149
61.8001953125, 12.623652083416792, 979.6662671840256, 283.2367676427847
61.8001953125, 12.72969137090006, 979.7005802360123, 283.2890081315273
61.794921875, 12.580288515991167, 979.6508834004553, 283.52666423832073
61.78984375, 12.804381112605165, 979.6431285408004, 283.54963848575954
61.7845703125, 12.817126742225616, 979.6748754266853, 283.53448912890684
61.7640625, 12.780690517930985, 979.6491707699842, 283.3887579027554
61.7640625, 12.625835034307864, 979.6409907559448, 283.65671833112367
61.7537109375, 12.87397076080648, 979.649842952548, 283.7335015600565
61.7537109375, 12.880891262317885, 979.6313432875755, 283.59612133831166
61.7484375, 12.645881551042224, 979.6194990143234, 283.5423223932974
61.743359375, 12.484832340644802, 979.6524646696716, 283.5527561674091
61.7484375, 12.763566631899385, 979.638973251757, 283.55955740012416
61.7380859375, 12.659373647772043, 979.6506942698735, 283.4232210114271
61.7330078125, 12.306669759526994, 979.6444630905376, 283.72723946282
61.727734375, 12.746444080496314, 979.6486751506491, 283.3182352623073
61.72265625, 12.846267770875027, 979.6610675764978, 283.58255839176184
61.717578125, 13.002175889007747, 979.6734600061392, 283.2587006411535
61.7072265625, 13.18212996475463, 979.6831599010852, 283.2503608134623
61.696875, 12.686699657483818, 979.6511686073475, 283.54756767378655
61.6865234375, 12.916200983090986, 979.6333398620377, 283.60921920116476
61.6865234375, 12.736245871860207, 979.6023228726955, 283.44106923046684
61.6865234375, 12.514016748074239, 979.634010339992, 283.593610893405
61.68125, 12.565017086551594, 979.6472481919028, 283.3595908746742
61.676171875, 12.986494149302672, 979.6792393519593, 283.39777288983845
61.650390625, 12.974833837413934, 979.6358297756908, 283.5889426425401
61.6451171875, 12.95588794210874, 979.6471206637497, 283.68771755723566
61.6451171875, 12.876483493855584, 979.6133599163793, 283.88462666761495
61.6451171875, 12.851714387481971, 979.6568157583114, 283.6725708530961
61.624609375, 13.186435479430966, 979.6425260960632, 283.5911018620512
61.6193359375, 13.255261036869813, 979.6627953221567, 283.58959479034775
61.6193359375, 12.927458131323812, 979.6256682318493, 283.66532623477707
61.6193359375, 12.90341623073297, 979.6168179042422, 283.49298588870977
61.6296875, 13.033087166441712, 979.6824402513464, 283.58495354528054
61.608984375, 12.779948885186025, 979.6450091884867, 283.7375064597969
61.60390625, 13.120843921248579, 979.6244373219321, 283.59287437316635
61.5986328125, 12.81854190149463, 979.6343889506993, 283.5625833070954
61.583203125, 13.053107123184455, 979.6537290297113, 283.6477298695227
61.583203125, 13.0723895519581, 979.6208086571656, 283.37511406348204
61.5728515625, 13.574550041844317, 979.6402780636367, 283.41334055334556
