Only libraries
1,190,313,144
1,189,346,448
1,187,829,987
1,188,252,675
1,185,582,554

Libraries. Check Once. No defense. No level check
2,735,522,900
2,766,972,062
2,734,867,475
2,731,385,631
2,734,212,421

L1_L1 and L2_L2
2,734,672,444
2,734,532,188
2,760,066,478
2,737,432,702
2,740,725,924

L1_Up overwrite
2,746,893,785
2,737,606,045
2,737,339,039
2,737,839,397
2,742,014,641

L1_Up copy to safe
2,736,155,397
2,734,211,816
2,781,078,214
2,736,528,354
2,749,418,583

L1_Down
2,741,282,520
2,732,297,150
2,733,768,808
2,749,482,379
2,728,842,823

L2_Down
2,744,396,132
2,729,932,073
2,733,538,722
2,742,253,533
2,777,309,013

L2_Up Unknown Turn Off
2,743,864,303
2,748,534,858
2,742,634,385
2,748,022,531
2,739,463,085

L2_Up Delete from RAM Turn Off
2,742,729,247
2,732,143,594
2,732,661,760
2,742,838,083
2,737,301,805

L2_Up Turn_off
2,757,126,590
2,731,672,982
2,755,677,254
2,731,036,415
2,738,946,733

L1, L1, copy_to_safe, L2, L2, delete_from_RAM_turn_off
2,797,812,365
2,817,359,219
2,804,678,507
2,800,505,585
2,797,263,091