Temperature,Humidity,Pressure,Altitude
22.3697265625,56.53295291109477,1013.9946070304734,-6.118870391010704
22.375,56.4095683885259,1014.0186307576083,-6.26317250466129
22.3646484375,56.386896668928344,1013.9812464046055,-6.345251939858132
22.375,56.409173590985596,1014.0254687686597,-6.303560604603897
22.375,56.52733547994292,1014.0097954200429,-6.2717392098927105
22.3697265625,56.42642144079079,1014.0069400157678,-6.138096077472044
22.3646484375,56.4095683885259,1013.9981047760342,-6.063281190728354
22.3646484375,56.397737429707526,1013.9578653199269,-6.416041717568087
22.375,56.42040870805227,1013.9930945010618,-6.104973117885979
22.3697265625,56.42040870805227,1013.9630328642256,-6.118870391010704
22.375,56.386896668928344,1013.9879267169894,-6.275766291284814
22.375,56.409173590985596,1014.0031150516254,-6.104973117885979
22.375,56.41498489762641,1013.9891119358699,-6.396812081497922
22.3646484375,56.426220123796305,1013.9880842267086,-5.999120563010059
22.380078125,56.443072893076895,1014.0035998044322,-6.416041717568087
22.3646484375,56.42080376603261,1014.0047851436265,-6.277069795641648
22.375,56.499053482593794,1013.9790915490868,-6.2618691076843325
22.3646484375,56.42040870805227,1013.9795763266815,-6.2896634569312315
22.375,56.47658373360429,1014.0022443973808,-6.3518840772821665
22.3697265625,56.4093672705466,1013.9674011009686,-6.136793646973031
22.3646484375,56.482395694851654,1013.9969193825864,-6.124198606862448
22.3646484375,56.42020743580481,1013.9763935889578,-6.048080289517301
22.3646484375,56.42020743580481,1013.9546824135032,-6.211607905462255
22.375,56.40877875106256,1013.978548228184,-5.8355940419677665
22.359375,56.71270578176508,1013.9628755512234,-6.132767646171522
22.3697265625,56.42602625259108,1013.9762361710397,-6.138096077472044
22.3697265625,56.414791154183774,1013.9728960156729,-6.118870391010704
22.380078125,56.403749634136894,1013.9829164825983,-6.063281190728354
22.375,56.684021995780014,1013.9907820005744,-6.633056869533673
22.3697265625,56.4095683885259,1013.951826563907,-5.9018366340567745
22.375,56.437455312646605,1013.9820456821086,-6.192382920242987
22.380078125,56.41537980459544,1013.9718678104641,-5.999120563010059
22.3697265625,56.15695331189296,1013.9837157999624,-6.211607905462255
22.375,56.409762047295374,1013.9546824135032,-5.469699949258522
22.380078125,56.4095683885259,1014.0022443973808,-6.240704241376596
22.380078125,56.409762047295374,1013.9853859178852,-6.240704241376596
22.3697265625,56.409762047295374,1013.9736950938708,-5.919756867082169
22.380078125,56.28075062475898,1013.9386226420465,-5.4359103524964025
22.3853515625,56.4825976752157,1013.9922236080631,-6.172516256763827
22.3853515625,56.38670324489596,1013.9670146245184,-6.144720723739676
22.3853515625,56.39290871941315,1013.9671716456005,-5.961450357591964
22.3904296875,56.47717451909387,1013.9743363521109,-6.08783008985186
22.3904296875,56.387290924791735,1013.943476047431,-5.809871518281513
22.3904296875,56.49924818423516,1013.9621612549647,-6.004443272879662
22.3904296875,56.38749175582306,1013.9232019150691,-6.037558524088764
22.3904296875,56.303022885829975,1013.964315488015,-5.922353872753541
22.395703125,56.410156781661435,1013.9526244830324,-5.950149980632595
22.40078125,56.409762047295374,1013.9795036853457,-6.0196399359372315
22.40078125,56.39330306311571,1013.9661424272012,-5.88065957621057
22.40078125,56.398727468414386,1013.9371093110707,-6.065354560673251
22.3904296875,56.398727468414386,1013.9626453442398,-6.0666519278897235
22.395703125,56.410350409439786,1013.9577916430962,-6.02495752388813
22.395703125,56.573267211718615,1013.9661424272012,-5.7927030891434805
22.395703125,56.404732448706774,1013.9125410629615,-5.510713246751571
22.405859375,56.42158630291287,1014.0150613051242,-6.252643278334462
22.405859375,56.410350409439786,1013.9822983751131,-6.155356210677931
22.405859375,56.38226051246483,1013.9666263280759,-5.899873341773252
22.40078125,56.449675873303335,1013.9778335278369,-6.112365564591109
22.40078125,56.24180752847042,1013.9584319929437,-5.903891115045774
22.405859375,56.37122508818609,1013.9684530945564,-6.0527538111897154
22.4162109375,56.382654532548386,1013.9532649652757,-5.905185423121888
22.4111328125,56.382461244973186,1013.9488944290516,-5.917789537447204
22.4111328125,56.36619367875173,1013.9450705279783,-5.992592957045792
22.4111328125,56.539958597097325,1013.9924761310753,-5.931687941874884
22.405859375,56.393697364435454,1013.9567618095821,-5.42731996525294
22.4111328125,56.38285524346546,1013.9372030544296,-5.867505377901747
22.421484375,56.37723703951452,1013.9473804451559,-5.619905539205908
22.4162109375,56.38866676875113,1013.9931161591928,-5.97869440900528
22.421484375,56.37723703951452,1013.9657527555892,-5.793996538003407
22.405859375,56.365800091721376,1013.9317090674144,-5.570323587825586
22.4111328125,56.37122508818609,1013.9415737764364,-6.07598386800742
22.4111328125,56.39409162337239,1013.975774019333,-6.020389999225248
22.4162109375,56.382654532548386,1013.955575216063,-5.90920139931457
22.4111328125,56.47274523757708,1013.9400599797509,-5.751007282992415
22.40078125,56.331898245498216,1013.9717934623108,-6.228865525000624
22.4111328125,56.37141824799514,1013.9667829107822,-5.778804505057034
22.405859375,56.360382371671875,1013.9589156099813,-5.764905903006678
22.405859375,56.34352761984445,1013.9348930986126,-5.7927030891434805
22.421484375,56.32667278403225,1013.9515947952351,-5.905185423121888
22.405859375,56.292962860453514,1013.9807846521335,-5.931687941874884
22.4162109375,56.32667278403225,1013.9632859869631,-6.044169912598461
22.4162109375,56.337909350572026,1013.9348930986126,-6.002474754398179
22.4162109375,56.32105448676489,1013.9824548632045,-5.923100037184465
22.4111328125,56.315628680339564,1013.9706069908623,-5.9872813799268325
22.4111328125,56.23116046138398,1013.9772877814502,-5.903891115045774
22.4111328125,56.332483763796986,1013.955575216063,-6.0481869695490715
22.4111328125,56.33209095811901,1013.962256004175,-5.919083952913038
22.4111328125,56.33229107196796,1013.9655963986436,-5.896595173673904
22.4265625,56.34352761984445,1013.9523910744487,-5.770214032462859
22.4265625,56.315628680339564,1013.9540612843506,-5.825809194803908
22.405859375,56.320854505600195,1013.9601021763738,-6.044169912598461
22.4111328125,56.30981786423527,1013.953905019207,-5.835692504668144
22.405859375,56.5170898904799,1013.9722771884061,-6.251346285338187
22.4111328125,56.32667278403225,1013.9540612843506,-5.51472799382905
22.421484375,56.30399975683632,1013.9797542552739,-5.952190118833764
22.4111328125,56.1410661890064,1013.9255116831774,-5.881404069673211
22.4162109375,56.32163955366429,1013.9189868908559,-5.724502900904749
22.421484375,56.22573348345801,1013.9373591884275,-6.091176224097432
22.4162109375,56.332483763796986,1013.9512041978052,-5.752300409643811
22.421484375,56.32124705082389,1013.953905019207,-5.811910431166969
22.4318359375,56.32124705082389,1013.9457102355293,-5.735110758092352
22.4265625,56.467321407935266,1013.9156464740098,-5.50613308559652
22.4265625,56.31001030052338,1013.9363280979389,-5.785404420958631
22.421484375,56.32725804504416,1013.958197143947,-5.842291062921545
22.4265625,56.332483763796986,1013.9580411707944,-5.7310988760269055
22.4318359375,56.25402515255841,1013.9512041978052,-5.6894015094766415
22.421484375,56.697861019322204,1013.9329876262237,-5.547830508420573
22.4265625,56.326865411976364,1013.9329876262237,-5.46572460161854
22.4265625,56.31040254290769,1013.923997516641,-5.71590961658983
22.421484375,56.32745064199675,1013.9314731537881,-5.790707427620059
22.4318359375,56.36619367875173,1013.9448351466665,-5.870088929974133
22.4318359375,56.32183208673173,1013.9331434026573,-5.618616135857466
22.421484375,56.34392066438354,1013.8995829242026,-5.66561451691604
22.4318359375,56.32745064199675,1013.9287710002084,-5.861492318920605
22.4318359375,56.27669128666292,1013.9298029049879,-5.62391655659217
22.4318359375,56.66494726216125,1013.9369667882986,-5.833693984954054
22.4265625,56.310794742908634,1013.9442862085016,-5.9905959626496035
22.4318359375,56.2935469567806,1013.943164897316,-5.778097101404837
22.4419921875,56.32745064199675,1013.9164409170617,-5.569606227650235
22.4419921875,56.344699212369314,1013.9360901250759,-5.7555955733129815
22.4369140625,56.226705445085514,1013.9336262630896,-5.555706692323175
22.4419921875,56.37279235984353,1013.9185939030541,-5.764197835595459
22.4369140625,56.316805671027325,1013.9336262630896,-5.79600686631466
22.447265625,56.310594948204184,1013.9102425943305,-5.457123098170915
22.447265625,56.316413383181384,1013.9319560005883,-5.416710350742331
22.45234375,56.35613680320652,1013.9035615485899,-5.630499271269187
22.45234375,56.21546772878187,1013.9277386136058,-5.366402298283628
22.447265625,56.316413383181384,1013.9142210051295,-5.40681810831739
22.4576171875,56.074803424002674,1013.903716876287,-5.658298575276934
22.45234375,56.31118690052623,1013.9041992756246,-5.352502277901518
22.45234375,56.4235605372478,1013.934264471568,-5.663590519999968
22.4626953125,56.31699809862579,1013.9527931531754,-5.672198200334946
22.45234375,56.232913425520415,1013.9058695637035,-5.630499271269187
22.4576171875,56.31118690052623,1013.9260683115181,-5.746989293828168
22.4576171875,56.31118690052623,1013.9427713354904,-5.919077156265933
22.4576171875,56.389848838224026,1013.9442862085016,-5.75099578361071
22.4576171875,56.38402955350265,1013.9209021595084,-5.676205947187485
22.4626953125,56.28871172519026,1013.9327495202815,-5.648406462920532
22.4626953125,56.32843568994815,1013.9332319356416,-5.836961328337027
22.4576171875,56.31137926423908,1013.902684089513,-5.6357907849667015
22.4576171875,56.216056275319445,1013.9432538326442,-6.021665102741746
22.46796875,56.31137926423908,1013.9418937924057,-5.8912776371145466
22.4626953125,56.294522705078705,1013.9060246918311,-5.793978754029647
22.4626953125,56.30034118630076,1013.902684089513,-5.95949150944151
22.46796875,56.50241439736509,1013.9166837735945,-5.6966789904573245
22.4626953125,56.30034118630076,1013.9177168021114,-5.592807278780356
22.46796875,56.283284952304925,1013.9031662594919,-5.531157929095403
22.46796875,56.294522705078705,1013.904991476567,-5.55639612506869
22.4626953125,56.27224644931352,1013.9232100411153,-5.59809634840204
22.46796875,56.32300927857794,1013.9333870609091,-5.6357907849667015
22.4626953125,56.2889038333585,1013.9352124228199,-5.793978754029647
22.4626953125,56.28929540688299,1013.9031662594919,-5.413390317080804
22.46796875,56.289103319506644,1013.9250354163919,-5.459094975007486
22.46796875,55.95814161776376,1013.9022874248861,-5.461655943543587
22.46796875,56.27243834502911,1013.8831224877737,-5.549060450937777
22.4626953125,56.66012951458834,1013.8847928017052,-5.717144672176668
22.46796875,56.289686938024005,1013.8683987874963,-5.549060450937777
22.46796875,55.92985508584181,1013.9250354163919,-5.5172575679305735
22.46796875,56.2670185049232,1013.9101572966756,-5.50335718878215
22.473046875,56.216446134220675,1013.9201793452759,-5.558958597523493
22.46796875,56.28387579381151,1013.9068166143592,-5.688063975532478
22.4833984375,56.04805542406798,1013.9124641897018,-5.819728193507019
22.478125,56.27263761055333,1013.890113206904,-5.396154498226369
22.478125,56.44140023057913,1013.910639198323,-5.665544437731899
22.4626953125,56.27825670684943,1013.8617174300173,-4.794414022138518
22.478125,56.284067796509234,1013.9291678735698,-5.600659465382181
22.473046875,56.35672281425582,1013.903957779436,-5.665544437731899
22.473046875,56.47471754299392,1013.930838242335,-5.72114635025013
22.4833984375,56.27844864566023,1013.9089688434983,-5.479558014723183
22.473046875,56.27825670684943,1013.911827637937,-5.832349312684331
22.473046875,56.267210315959474,1013.8816068926244,-5.507359043118463
22.473046875,56.27282948547697,1013.8934538878447,-5.828346769823409
22.46796875,56.21663737026109,1013.9201793452759,-5.715864464803806
22.478125,56.32921317085442,1013.7915632429394,-5.711860988991006
22.473046875,56.27825670684943,1013.9273427503563,-5.531157929095403
22.478125,56.26139938995903,1013.9173206183109,-5.5212595303653185
22.473046875,56.22806722159709,1013.9022874248861,-5.4517569144525835
22.473046875,56.24996213188396,1013.8722210547529,-5.536438810492146
22.478125,56.22244791351657,1013.9089688434983,-5.535159999638424
22.478125,56.22206532385708,1013.9507277347594,-5.833628608337178
22.478125,56.21101810740117,1013.8984649097715,-5.623842814650828
22.478125,56.227875867978206,1013.8722210547529,-5.425233693717805
22.478125,56.37959193280334,1013.9613869867364,-5.786646117984409
22.473046875,56.216446134220675,1013.9034759323176,-5.4517569144525835
22.478125,56.22244791351657,1013.8939356531691,-5.790648336550033
22.4833984375,56.22768450415944,1013.911827637937,-5.729764682483765
22.473046875,56.227875867978206,1013.8823975760748,-5.298849577939498
22.4884765625,56.06530027591622,1013.8839135293787,-5.62512049892635
22.46796875,56.25035275140153,1013.8867725262384,-5.378252967824388
22.4833984375,56.255971948921754,1013.9007716150873,-5.637743373645041
22.478125,56.267210315959474,1013.877232114894,-5.49473702649383
22.478125,56.255971948921754,1013.8767504858927,-5.364352408977824
22.46796875,56.267210315959474,1013.9024419826831,-5.6013180194787555
22.478125,56.12691824797607,1013.8962420759163,-5.3319269242295135
22.478125,56.278057374980875,1013.903957779436,-5.564239909975286
22.4833984375,56.27282948547697,1013.9089688434983,-5.522538233799792
22.4833984375,56.2730213502008,1013.9107938216933,-5.637743373645041
22.46796875,56.26178287405661,1013.8967945690605,-5.17374195788549
22.473046875,56.26740211679593,1013.8734098063277,-5.411332973255128
22.4833984375,56.25054436057459,1013.8924197781407,-5.437856337346814
22.478125,56.27825670684943,1013.890113206904,-5.410055129243549
22.4833984375,56.27844864566023,1013.8839135293787,-5.49473702649383
22.478125,56.26740211679593,1013.9007716150873,-5.5556168972232385
22.478125,56.23330367512778,1013.932508611169,-5.536438810492146
22.478125,56.26681930574353,1013.8582223221639,-5.3557299116669
22.473046875,56.26178287405661,1013.8755617614449,-5.425233693717805
22.46796875,56.17769121828436,1013.8690346438395,-5.5126376956814465
22.478125,56.37959193280334,1013.903957779436,-5.312750334753251
22.4833984375,56.27282948547697,1013.8715849322048,-5.345827860633133
22.473046875,56.29530607020453,1013.9007716150873,-5.298849577939498
22.478125,56.27844864566023,1013.8633877692839,-5.272324780121234
22.4833984375,56.475307536028545,1013.8683987874963,-5.294849345148574
22.473046875,56.27844864566023,1013.8717394666485,-5.411332973255128
22.4833984375,56.40808097712507,1013.8823975760748,-4.8274864844504055
22.478125,56.295113939733575,1013.8349920111079,-5.453035080741595
22.46796875,56.18815177569568,1013.8967945690605,-5.632462781344179
22.478125,56.18835004602826,1013.9018055914001,-5.354452497361848
22.46796875,56.18273080038769,1013.8750801460758,-5.322650624595622
22.473046875,56.18253259640299,1013.8331674402039,-5.229345524293986
22.478125,56.17691340777649,1013.863869289227,-5.211445075496455
22.46796875,56.23310487402012,1013.8630787259609,-5.590761697003172
22.46796875,56.1546344321744,1013.8565519962185,-5.072436521647285
22.473046875,56.16606366848907,1013.8633877692839,-4.99430300211192
22.46796875,56.255971948921754,1013.992004099382,-6.035564925087764
22.4833984375,56.081582782738415,1013.904991476567,-5.64764277710389
22.473046875,56.17168300602293,1013.8650581086191,-5.49473702649383
22.473046875,56.216446134220675,1013.8755617614449,-5.387530562021167
22.478125,56.238723969308545,1013.8857383098217,-5.271048010400579
22.46796875,56.24434305526316,1013.8615629742616,-5.2167209996420105
22.46796875,56.24454198906237,1013.8550360736391,-5.128040158848346
22.473046875,56.2670185049232,1013.8600470908198,-5.271048010400579
22.46796875,56.25035275140153,1013.8934538878447,-5.168464909228813
22.473046875,56.27282948547697,1013.8416733641844,-5.248520928368863
22.46796875,56.30092519305082,1013.836662349274,-5.118138103906813
22.478125,56.65451111933549,1013.8823975760748,-5.145940066838732
22.478125,56.27844864566023,1013.846684379714,-5.206817687807659
22.473046875,56.27844864566023,1013.9007716150873,-5.457034704885782
22.4833984375,56.098630890011826,1013.8550360736391,-5.5212595303653185
22.473046875,56.28929540688299,1013.8548816703417,-5.387530562021167
22.473046875,56.295113939733575,1013.8665739529237,-5.470935479545325
22.478125,56.2052077269458,1013.8764412327355,-5.333992202491942
22.473046875,56.31177135868152,1013.8667284480233,-5.267047993816362
22.46796875,56.63224095610126,1013.8723753764857,-5.280948678469343
22.46796875,56.30092519305082,1013.8722210547529,-5.312750334753251
22.473046875,56.30053340144987,1013.883431845848,-5.522538233799792
22.473046875,56.520063703346786,1013.8567064126305,-5.290224007176148
22.46796875,56.3061523847326,1013.841519065804,-4.9751294645806095
22.473046875,56.295113939733575,1013.8697599787978,-5.32137165405506
22.46796875,56.29530607020453,1013.8699146057089,-5.60994223767302
22.4626953125,56.31759011956935,1013.8956060073749,-5.294849345148574
22.46796875,56.31719791648998,1013.889958528199,-5.312750334753251
22.46796875,56.059105034785745,1013.3938743578615,-5.32137165405506
22.4576171875,56.31157901576049,1013.8984649097715,-23.154836523686942
22.4576171875,56.26080933475689,1013.8557609512595,-5.279670030216059
22.4626953125,56.24395252359546,1013.8981553156336,-5.668878896273856
22.45234375,56.22147664471299,1013.8659374821727,-5.333992202491942
22.4626953125,56.21004743553626,1013.8758043888083,-5.4399080398950534
22.4626953125,56.20422997514646,1013.922572448275,-5.482890957465649
22.4626953125,56.19900061649656,1013.8809701811515,-5.4260080012635825
22.45234375,56.24415147898641,1013.8926622842092,-5.32870722771605
22.4576171875,56.17672259817474,1013.877629580897,-5.445194738832084
22.4626953125,56.210238649271524,1013.877629580897,-5.4464755551371375
22.4576171875,56.210238649271524,1013.891474058119,-4.934212819380354
22.4626953125,56.21585765165894,1013.8843107816813,-5.408102251597291
22.4576171875,56.20442848770514,1013.8943325849212,-5.092401683114829
22.4626953125,56.42937282635171,1013.8814521739109,-5.529877347177516
22.4576171875,56.26662747391528,1013.8714302921792,-5.4464755551371375
22.4626953125,56.27224644931352,1013.8742889809175,-5.213501085750494
22.45234375,56.277474081523316,1013.8607718097181,-5.148003454973198
22.4576171875,56.20461963755073,1013.8642671826301,-5.11619918200245
22.4576171875,56.299949331524566,1013.8792998809898,-5.171800377677078
22.4626953125,56.294522705078705,1013.8741341019677,-5.2870066266386235
22.4626953125,56.46890470808721,1013.8864631157055,-5.288288032248454
22.4576171875,56.451847323895,1013.8893216829917,-5.417394212569871
22.4576171875,56.32261692367912,1013.8691232418582,-5.217505265443352
22.45234375,56.1089049466026,1013.8607718097181,-5.2870066266386235
22.4576171875,56.32242443219526,1013.8774746757178,-5.390874001040709
22.4576171875,56.33366192653165,1013.877629580897,-5.213501085750494
22.4576171875,56.09204757111913,1013.891474058119,-5.3565075385787
22.4576171875,56.32261692367912,1013.8625968831564,-4.977194934835383
22.4419921875,56.373386410437064,1013.8674529552925,-5.227401285830744
22.45234375,56.32222452639706,1013.8457392361996,-5.177084779271417
22.447265625,56.21585765165894,1013.85075009342,-5.231405573622034
22.4576171875,56.316805671027325,1013.8841558240437,-5.078501195218319
22.45234375,56.339866088419015,1013.8724638151957,-5.273106390345104
22.45234375,56.26623640052374,1013.8624420960086,-5.413390317080804
22.4419921875,56.33928065970011,1013.8774746757178,-5.335272159393787
22.447265625,56.34509213055875,1013.8659374821727,-5.431294484682931
22.447265625,56.3448993835354,1013.8484429632211,-5.175804233074639
22.447265625,56.35051809803754,1013.8607718097181,-4.948113271447481
22.4626953125,56.35051809803754,1013.8680896654856,-5.185700631668739
22.45234375,56.33928065970011,1013.8586194922293,-5.148003454973198
22.45234375,56.457271900277824,1013.8536086748737,-4.860707014752523
22.45234375,56.34529228013345,1013.8619600374769,-5.245305863836808
22.45234375,56.36194843771805,1013.8467727042278,-5.371689717204253
22.45234375,56.131381316582996,1013.8786627678422,-5.2969020166847836
22.45234375,56.36175549904233,1013.8808152497431,-5.283001906453604
22.447265625,56.36717374901457,1013.8534537406139,-5.059316241077088
22.4369140625,56.366980725663524,1013.8791449626962,-5.2870066266386235
22.45234375,56.289103319506644,1013.8607718097181,-5.241301467937243
22.447265625,56.496601399154095,1013.8536086748737,-5.269101778248673
22.447265625,56.3896481363328,1013.8724638151957,-5.227401285830744
22.447265625,56.37861153055083,1013.8334106347569,-5.273106390345104
22.447265625,56.38402955350265,1013.8519384025594,-5.170518060563785
22.4419921875,56.37821781022181,1013.8563120258691,-5.12881751303357
22.45234375,56.395073367063794,1013.888684409363,-5.2644900332161
22.4419921875,56.38925413396674,1013.840091668942,-5.3790183722505835
22.4419921875,56.29393876609403,1013.8903546831905,-5.408102251597291
22.447265625,56.29955743436496,1013.8920249570868,-5.7543087446404435
22.4419921875,56.39467921368395,1013.8863764603228,-5.202920284295313
22.4369140625,56.400491011184194,1013.8813657196997,-5.3790183722505835
22.4369140625,56.400885273994305,1013.8329285922568,-5.347211506118333
22.4369140625,56.4681131427757,1016.0844810428263,-9.238455176713746
22.4369140625,56.41212237432404,1013.8863764603228,-5.430610065767532
22.4369140625,56.400491011184194,1013.8979126898237,-5.4432235265026225
22.4369140625,56.40591594447185,1013.8930574487833,-5.319411842478066
22.421484375,56.29373917041909,1013.8746847331649,-5.123528418734891
22.4265625,56.38906083429156,1014.0266774491006,-5.318126572925106
22.4318359375,56.37239874814678,1013.8827250949491,-4.7151346254866455
22.4265625,56.36658722339911,1013.9114301727242,-5.137428403701032
22.4369140625,56.282309852701104,1013.8601347781008,-5.486208746150507
22.4369140625,56.15869924410202,1013.8985507650067,-5.6517152147752725
22.4318359375,56.2205051130051,1013.8651455569379,-5.234727795258043
22.4265625,56.24278804560289,1013.8718265963507,-4.928926742437492
22.4318359375,56.24317133310863,1013.8511461551404,-5.500108371316794
22.4265625,56.32203201412141,1013.8968805039497,-4.984527580782919
22.4318359375,56.30478402353095,1013.8646632554264,-5.333311683280153
22.4318359375,56.31040254290769,1013.8528163875935,-5.110912074059222
22.4265625,56.23155090131906,1013.8863764603228,-5.4346177725088785
22.4419921875,56.30497636494165,1013.8818481575331,-5.208212469144122
22.4369140625,56.276883308641466,1013.8897169544155,-5.230719804411336
22.4318359375,56.27107271129244,1013.8511461551404,-5.022221651474448
22.4318359375,56.198221509778,1013.906419429006,-5.476317134027426
22.4369140625,56.310210127411416,1013.8528163875935,-5.248627636463703
22.4265625,56.36658722339911,1013.8751671164697,-4.909737058236834
22.421484375,56.366980725663524,1013.9102425943305,-5.486208746150507
22.4318359375,56.327065437891825,1013.8529715345278,-5.4154243292644715
22.4369140625,56.38344244556688,1013.8830359665053,-5.123528418734891
22.4318359375,56.37801721941926,1013.8763549796954,-4.9944215922541595
22.4265625,56.38324919957486,1013.8945722212724,-5.373725398653324
22.4318359375,56.38344244556688,1013.8645080166905,-5.318126572925106
22.4265625,56.39448583992655,1013.8626824525704,-5.387625060160843
22.421484375,56.40591594447185,1013.920264165005,-5.388910866800205
22.4369140625,56.630642721106405,1013.8785076368638,-5.518016333821585
22.4369140625,56.42277097066154,1013.8845508172689,-5.21553376499249
22.4318359375,56.34973191724073,1013.8628377837559,-5.193028163837927
22.4265625,56.4171526379306,1013.8745294157416,-5.328017558811585
22.4318359375,56.43381378719704,1013.8830359665053,-5.087116803769122
22.4318359375,56.41134073046351,1013.8763549796954,-5.097011945736172
22.4318359375,56.428583040909025,1013.8813657196997,-4.937537118254425
22.4265625,56.43943202805024,1013.5454947742318,-5.001742447391262
22.4265625,56.44505025957135,1013.8778698826422,-5.21553376499249
22.421484375,56.34392066438354,1013.8929019870999,-5.311542974226944
22.4162109375,56.546371929672816,1013.9062638624059,-5.3558167554886715
22.4318359375,56.38906083429156,1013.881210349818,-5.202920284295313
22.4162109375,56.38866676875113,1013.8588594297174,-5.2142465978799235
22.421484375,56.388473438084745,1013.8929019870999,-5.1169493410553235
22.4265625,56.39409162337239,1013.8593420131369,-5.229433408644377
22.4318359375,56.38324919957486,1013.880572113735,-5.229433408644377
22.4162109375,56.38866676875113,1013.9096043319203,-5.2850318035931565
22.4265625,56.43923067533624,1013.8945722212724,-5.271132231806746
22.4162109375,56.400104146104276,1013.8770760381782,-5.457123098170915
22.4318359375,56.43381378719704,1013.8787462318704,-5.540520150810635
22.4265625,56.422577277494426,1013.8977570832327,-5.339341777184381
22.4265625,56.43923067533624,1013.8588594297174,-5.326730411129567
22.4265625,56.405521488266196,1013.9129448017095,-5.522610426189183
22.4265625,56.69184209003821,1013.8929019870999,-5.2989313574058166
22.4162109375,56.45027296300857,1013.8793846538648,-5.397515415735619
22.4318359375,56.366394169056754,1013.8760442130557,-5.4988217053431265
22.421484375,56.456286694617354,1013.8653846842581,-5.479623921841334
22.421484375,56.46150911895611,1013.8995829242026,-5.484922187586245
22.4162109375,56.456286694617354,1013.8839125276925,-5.493523224100221
22.4162109375,56.47314127719578,1013.9006146016065,-5.492233908710949
22.4162109375,56.400104146104276,1013.8810548743725,-5.18644747148355
22.4318359375,56.456286694617354,1013.8945722212724,-5.437925907271383
22.4318359375,56.450668481760395,1013.8894059779429,-5.2850318035931565
22.4265625,56.473529803178586,1013.920264165005,-5.387625060160843
22.4265625,56.47314127719578,1013.8828805835091,-5.536509781955907
22.4265625,56.4729395264595,1013.8772317000528,-5.2989313574058166
22.421484375,56.478161444226615,1013.8722210800449,-5.596117826543592
22.4162109375,56.46752309233504,1013.9096043319203,-5.229433408644377
22.4265625,56.394285017921334,1013.8795401161958,-5.424026533137178
22.421484375,56.484377618921016,1013.8927464198526,-5.328017558811585
22.4265625,56.484377618921016,1013.8995829242026,-5.411414933216889
22.4265625,56.484377618921016,1013.8839125276925,-5.451825263431838
22.421484375,56.40572244294994,1013.9361721897129,-5.005751397973295
22.4162109375,56.71471439806274,1013.8904375896419,-5.1169493410553235
22.4111328125,56.517689338795265,1013.8749229091248,-5.2850318035931565
22.4111328125,56.50645336948057,1013.8703952640968,-5.168537633645183
22.4162109375,56.506850190386565,1013.8755614933148,-5.592107025324664
22.421484375,56.500633266819484,1013.8772317000528,-5.255945152695956
22.4162109375,56.50625119913916,1013.9004587561286,-5.18644747148355
22.4162109375,56.50664804163598,1013.8799334493054,-5.353241151712316
22.4162109375,56.50645336948057,1013.8972741862734,-5.453113377847723
22.4162109375,56.55119432176535,1013.8503529484556,-5.479623921841334
22.4162109375,56.489599345521206,1013.9422136431407,-6.21496728237608
22.421484375,56.48979382604109,1013.9306783519839,-5.493523224100221
22.4111328125,56.641282537703454,1013.8887673954683,-5.561729613420983
22.4111328125,56.50625119913916,1013.9423698164823,-5.493523224100221
22.4111328125,56.4105514736448,1013.8870972013633,-5.293632325286133
22.4111328125,56.50043863775119,1013.8697565474994,-5.238034864234182
22.4162109375,56.500835370825754,1013.8453423710929,-5.182437115700642
22.405859375,56.494820759978595,1013.9891357081765,-7.451840531757012
22.4162109375,56.48939737418589,1013.9873089693953,-5.802584638515189
22.4111328125,56.601159722790506,1013.9188309011181,-5.363128747302401
22.405859375,56.47234915557614,1013.8714267141698,-5.21023602590015
22.4111328125,56.50023651215407,1013.8697565474994,-5.510713246751571
22.4111328125,56.50043863775119,1013.8726137434344,-5.473031109686004
22.405859375,56.47195303119296,1011.6920564488453,6.695467680138805
22.405859375,56.37664250507689,1014.2991508367787,-7.108959485073165
22.4111328125,56.38807930936992,1013.7323211221751,-5.764905903006678
22.40078125,56.30942555867574,1014.244034359165,-8.906850780239711
22.405859375,56.315043744378166,1013.9884953052093,-6.009762415648645
22.395703125,56.18020471210665,1013.88478805001,-5.385623081946569
22.395703125,56.18000636797772,1013.8859749707678,-5.473031109686004
22.405859375,56.17419708011868,1013.9008500729026,-5.231442203280821
22.3904296875,56.292570945581204,1013.8866141705087,-5.403535943420739
22.395703125,56.24180752847042,1013.8291897849984,-5.259240323914889
22.40078125,56.460717433436905,1013.8392106943571,-4.453065644619858
22.3904296875,56.28094279339988,1013.8346830633051,-5.246632303044912
22.395703125,56.140677768903,1013.8469224411735,-5.523318885499053
22.395703125,55.920981445657176,1013.9304287953121,-5.4498090442088065
22.40078125,56.08430334052877,1013.9476140533573,-5.241326782007252
22.3904296875,56.17438802467429,1013.8909854321527,-5.4359103524964025
22.395703125,56.33673035333379,1013.8736444557919,-5.95416998320151
22.395703125,56.17923492513342,1013.8736444557919,-5.2830235578549996
22.395703125,56.331312633032915,1013.8803249621974,-5.296922447199924
22.3904296875,56.229988887275,1013.8734881691203,-4.809161158199506
22.395703125,56.2412249896864,1013.6849206044535,-4.240555646923392
22.3853515625,56.08411340805204,1013.9453031067225,-5.434616047914638
22.3904296875,55.88203369284851,1013.8859749707678,-5.213528841612702
22.395703125,55.971932806963316,1013.9053768710179,-5.42201164282009
22.3904296875,55.67375517088753,1013.8808083834989,-5.426027538475404
22.3904296875,55.684807704456276,1013.9260586791777,-5.365122856881966
22.395703125,55.74137551048571,1013.8769847088571,-5.253932816964724
22.3853515625,55.780894334253006,1013.8924993677809,-5.412128702746594
22.3853515625,55.858989173086975,1013.8833523795554,-5.310821318580938
22.380078125,56.055634893634426,1013.9002099915131,-5.365122856881966
22.3904296875,56.25266029359278,1013.8986963604862,-5.519302233272832
22.380078125,55.98821479128961,1013.8833523795554,-5.699982422829743
22.380078125,56.004873601815675,1013.9020366156145,-5.420717445637888
22.3853515625,56.072679534773556,1013.8968697627511,-5.280436433022131
22.380078125,56.10638929754044,1013.8800121783979,-5.420717445637888
22.3697265625,56.033351053681834,1013.9020366156145,-5.391625326241596
22.380078125,56.03896943611452,1013.863311176736,-5.123533512688958
22.380078125,56.32549456815387,1013.8886755967516,-5.040140550869145
22.3853515625,56.15656439550579,1013.8903457238688,-5.336031023362815
22.3853515625,56.43223302051361,1013.8766719775152,-5.519302233272832
22.380078125,55.99402211540357,1013.8853353427237,-5.323426726661998
22.380078125,55.976977976943736,1013.8903457238688,-5.184438458091001
22.3853515625,55.98278519192245,1013.8953561056329,-5.352517824920849
22.3904296875,55.97716671618639,1013.8953561056329,-5.434616047914638
22.380078125,55.99421830211789,1013.8719743293626,-5.314836349576755
22.380078125,56.00525900156333,1013.8566307779968,-5.142741627160497
22.3853515625,56.0050699428325,1013.8634674902617,-5.127549827351199
22.3904296875,55.90993947094963,1013.8641069832277,-5.231442203280821
22.395703125,56.06163985550192,1013.8874889455333,-5.087145601045842
22.3904296875,56.20228838387497,1013.9010063567792,-5.1288426475826165
22.395703125,56.1007710270718,1013.8516204796645,-5.2109427908542045
22.395703125,56.128862286111605,1013.8931388871455,-5.059347480185378
22.3853515625,56.117823456960444,1013.8843048171104,-5.231442203280821
22.3853515625,56.14591490779374,1013.8569431945923,-5.046739689942452
22.40078125,55.92717168164747,1013.8652938243323,-5.255225725253743
22.3853515625,56.17438802467429,1013.853446813879,-5.088437220421991
22.395703125,56.0676377290218,1013.88478805001,-5.135438386240683
22.395703125,56.16838790051031,1013.855912215457,-5.009054650834594
22.395703125,56.16315131007447,1013.8808083834989,-5.259240323914889
22.395703125,56.17981535953148,1013.8730968809091,-5.130134589196826
22.395703125,56.1402966362882,1013.8759540498551,-5.3009373701071505
22.395703125,56.29217898832537,1013.8981493902518,-5.3009373701071505
22.395703125,56.02231077931269,1013.8657771229455,-5.107639727358711
22.395703125,56.191051890364776,1013.8914687195808,-5.245341272579809
22.40078125,56.17981535953148,1013.8641069832277,-5.018941246450199
22.3904296875,56.19124302659163,1013.8492316061919,-5.177136239804801
22.395703125,56.25285214279765,1013.8864582172996,-5.1950477494875
22.395703125,56.21895158828489,1013.8781073815397,-5.2188339316543715
22.40078125,56.11801377279815,1013.8659331314179,-5.018941246450199
22.405859375,56.19667014178526,1013.8726137434344,-5.014354711188693
22.405859375,56.19124302659163,1013.8832738097694,-5.278443512190654
22.395703125,56.152112570537575,1013.8816036295029,-5.278443512190654
22.405859375,56.21391497405972,1013.8492316061919,-5.135438386240683
22.405859375,56.21391497405972,1013.8665720101999,-5.307531645627046
22.405859375,56.22515165339441,1013.8682421898473,-5.238034864234182
22.40078125,56.23057103781425,1013.8832738097694,-5.464435501057922
22.40078125,56.19183107408266,1013.8580653827313,-5.083852392981849
22.4111328125,56.21972475327516,1013.8782632691764,-5.097751875440881
22.405859375,56.21953331839267,1013.8782632691764,-5.182437115700642
22.405859375,56.21371623184761,1013.836508788306,-4.885247868840663
22.4111328125,56.219923540241815,1013.8448596810413,-5.167249018169144
22.395703125,55.94984226480931,1013.8697565474994,-5.208947088195894
22.4111328125,56.22011495433214,1013.853210575496,-5.279732986971468
22.405859375,56.09611761683069,1013.8632316511113,-5.083852392981849
22.405859375,55.97793608599568,1013.8839125276925,-5.208947088195894
22.405859375,56.16373837463246,1013.8647460479002,-5.208947088195894
22.405859375,56.185823112426846,1013.8458913019717,-4.996444373097317
22.40078125,56.281334490195476,1013.8799334493054,-5.010343855270896
22.405859375,56.202678257400194,1013.8480443870409,-5.153349625559183
22.40078125,56.20247964788159,1013.8542420630375,-5.139450214985313
22.405859375,56.19124302659163,1013.8330128981476,-4.977243446452979
22.405859375,56.19124302659163,1013.855912215457,-5.363128747302401
22.405859375,56.19124302659163,1013.8814477156374,-4.883959631148073
22.40078125,56.19705988507362,1013.8597355489203,-5.028254283486953
22.405859375,56.017267043745896,1013.8580653827313,-5.278443512190654
22.4111328125,56.202869500614575,1013.8814477156374,-5.334040327969181
22.405859375,56.129829101950996,1013.9133370663264,-5.474322088208343
22.395703125,56.208097944530095,1013.8782632691764,-5.21023602590015
22.395703125,56.20790661663391,1013.8816036295029,-4.995155276070422
22.40078125,56.12402019568832,1013.8714267141698,-4.619865365377609
22.40078125,56.224952778489694,1013.8732527292024,-5.432624720132377
22.40078125,56.20228838387497,1013.8697565474994,-5.236745711701271
22.40078125,56.21391497405972,1013.8832738097694,-4.953457043994456
22.405859375,56.23638829540429,1013.8881283846578,-5.682806503047157
22.405859375,56.23076997906495,1013.88478805001,-5.092450522039753
22.40078125,56.20790661663391,1013.8792943565509,-5.149337688725963
22.40078125,56.208097944530095,1013.8625928258226,-5.246632303044912
22.405859375,56.28152662784459,1013.8983054352626,-5.473031109686004
22.405859375,56.21333343807662,1013.8575823679453,-5.320141150975333
22.395703125,56.21953331839267,1013.8642629785859,-5.036853346441685
22.4111328125,56.21953331839267,1013.8692734372886,-5.102336361320687
22.405859375,56.23057103781425,1013.8474055898337,-5.135438386240683
22.40078125,56.23638829540429,1013.8542420630375,-5.177136239804801
22.40078125,56.224761258926115,1013.8457354508726,-5.310821318580938
22.395703125,56.281334490195476,1013.8864582172996,-5.139450214985313
22.405859375,56.354563751179604,1013.896479222481,-5.431334063828412
22.40078125,56.23057103781425,1013.869117402587,-5.157932745207489
22.405859375,56.23076997906495,1013.8882843509814,-5.236745711701271
22.395703125,56.24161581724135,1013.8897985520849,-5.2188339316543715
22.3904296875,56.23638829540429,1013.8692734372886,-5.144033676184112
22.40078125,56.23076997906495,1013.8932948928126,-5.274430602560132
22.395703125,56.28656089552801,1013.896479222481,-5.510713246751571
22.395703125,56.24200660241241,1013.8707875425112,-5.227427820796853
22.395703125,56.25266029359278,1013.8914687195808,-5.342634254604553
22.40078125,56.4045388848103,1013.869117402587,-5.17584574639657
22.3853515625,56.25304398180265,1013.8976660482954,-5.398229849053877
22.3904296875,56.25827837848714,1013.8874889455333,-5.51472799382905
22.40078125,56.320076696508174,1013.8803249621974,-5.495521447611614
22.40078125,56.50526265247056,1013.8757979626956,-5.241326782007252
22.405859375,56.26369708254516,1013.8719743293626,-5.6120200946675
22.3904296875,55.994596112204036,1013.9093571291927,-5.4538251560314555
22.3853515625,56.27513257718685,1013.8636236982468,-5.144033676184112
22.3904296875,56.26970656115131,1013.8853353427237,-5.42201164282009
22.40078125,56.42701041623021,1013.9181914088675,-5.226135127316802
22.3904296875,56.27493307299251,1013.8651376032328,-5.142741627160497
22.395703125,56.28656089552801,1013.8941695086677,-5.324720171998045
22.3904296875,56.28035886478781,1013.8718180558052,-5.212236255542058
22.3904296875,56.28075062475898,1013.8724576825038,-5.295629216682687
22.3904296875,56.286368663000545,1013.8707875425112,-4.921646128226403
22.3904296875,56.11258563249148,1013.8851789642508,-5.1970440085249585
22.395703125,56.297404941923155,1013.8808083834989,-5.199629844464644
22.395703125,56.39290871941315,1013.8975097906477,-5.198337365803405
22.3853515625,56.291986691911546,1013.8599709772288,-5.198337365803405
22.380078125,56.29760471149199,1013.8801686230679,-5.185730829342834
22.395703125,56.291986691911546,1013.8786548354927,-5.338619007441401
22.3904296875,56.12344176578822,1013.8858188049214,-5.240033981127638
22.3904296875,56.28075062475898,1013.8617973773594,-5.241326782007252
22.3904296875,56.40996314368347,1013.8886755967516,-5.467723937858697
22.3853515625,56.31406617290366,1013.8734881691203,-5.365122856881966
22.3904296875,56.31445871424997,1013.8619535722299,-5.005041997748368
22.395703125,56.303022885829975,1013.8824785239044,-5.226135127316802
22.380078125,56.31445871424997,1013.8536029431775,-5.199629844464644
22.380078125,56.32530186763461,1013.838415803947,-4.782651574876329
22.3904296875,56.320076696508174,1013.8400859158864,-4.989851863592005
22.3853515625,56.285976772799096,1013.7991270717774,-3.934745885613591
22.380078125,55.99383318446736,1012.1334100154817,-1.3615568004755585
22.3853515625,55.78051418731143,1013.8590965644875,-4.920355797802496
22.375,55.70166436747931,1013.8267250222956,-5.101044634525289
22.3853515625,55.49956217623686,1013.8886755967516,-5.3095279806542965
22.3904296875,55.46004417357553,1013.8669639504867,-5.295629216682687
22.380078125,55.52166499902667,1013.8499503803578,-5.184438458091001
22.3853515625,55.61194577976798,1013.8532905790396,-5.212236255542058
22.375,55.54433224705413,1013.8432699838191,-4.956746942240365
22.380078125,55.63985619253605,1013.8636236982468,-5.092450522039753
22.380078125,55.72413978755495,1013.8634674902617,-4.9759526863717625
22.380078125,55.79194558036273,1013.8432699838191,-5.267831634837901
22.3853515625,56.03916615366286,1013.9010063567792,-5.412128702746594
22.380078125,55.90412568255683,1013.8734881691203,-5.059347480185378
22.380078125,55.920981445657176,1013.8924993677809,-4.942847944590301
22.380078125,55.93183486796789,1013.870147942559,-5.05805519700099
22.3853515625,55.94326730998311,1013.8332493910744,-5.05805519700099
22.3904296875,55.943455665832914,1013.8774681028947,-4.946862854140255
22.3853515625,55.949074197551006,1013.880964510002,-5.102336361320687
22.3904296875,55.92660001469662,1013.8718180558052,-5.226135127316802
22.375,55.926411850546124,1013.8619535722299,-5.109634730635322
22.3853515625,55.90974427958729,1013.8784985094778,-5.366416624426544
22.375,55.90974427958729,1013.8532905790396,-5.030257219093864
22.380078125,55.959926875276636,1013.8583008775782,-5.184438458091001
22.3853515625,55.89870213484103,1013.8784985094778,-5.394214169556055
22.3853515625,55.887269835483444,1013.8836652158128,-5.05805519700099
22.380078125,55.898319231548655,1013.8641069832277,-5.226135127316802
22.380078125,55.84755744655623,1013.8586133204028,-5.269124650536325
22.380078125,55.97116361289082,1013.8734881691203,-5.081837112636325
22.375,55.89812415131061,1013.8718180558052,-5.144033676184112
22.3904296875,55.892700679758796,1013.8851789642508,-5.253932816964724
22.3853515625,55.93164661912422,1013.8616410769479,-5.338619007441401
22.3853515625,55.91517483093752,1013.8900327826959,-5.016358203184595
22.380078125,55.92660001469662,1013.870147942559,-5.156640588774469
22.3853515625,55.93183486796789,1013.8719743293626,-5.269124650536325
22.3853515625,55.94888577780186,1013.8499503803578,-5.040140550869145
22.375,55.93783712478449,1013.8818387367268,-4.974661047663496
22.3697265625,55.94326730998311,1013.8868490781159,-5.0679382766811205
22.3853515625,55.9430716988811,1013.8783420779222,-5.24862174264817
22.375,55.82489607826889,1013.8728480874032,-5.169246389955053
22.375,55.96592973672325,1013.8327660287385,-4.928948928966486
22.3853515625,55.94326730998311,1013.8501065889682,-5.155347553724239
22.375,55.94888577780186,1013.8800121783979,-5.095735930617778
22.375,55.96012268544899,1013.8327660287385,-5.030257219093864
22.375,56.09496266621564,1013.8769847088571,-4.998443827407106
22.380078125,55.965741125277354,1013.8699915765754,-5.054039422762009
22.380078125,55.97659320766736,1013.8310959438204,-5.406818825407074
22.380078125,55.954308492474695,1013.8801686230679,-4.899857971810442
22.3853515625,55.98240031318538,1013.8819950889707,-5.016358203184595
22.3853515625,56.10019324736337,1013.8494668817018,-5.191732025864619
22.3697265625,55.97135955577561,1013.8583008775782,-5.198337365803405
22.375,55.99383318446736,1013.8467663643326,-4.984544883658611
22.380078125,56.004873601815675,1013.846610181951,-4.997150203534419
22.380078125,55.959926875276636,1013.853446813879,-4.997150203534419
22.375,56.22378877148961,1013.847796796096,-5.016358203184595
22.375,55.9880186493378,1013.853446813879,-4.909740425618169
22.380078125,56.07229257203588,1013.8666513765181,-5.252639030058496
22.375,56.004873601815675,1013.8601272645258,-5.0679382766811205
22.3646484375,56.0496301405473,1013.8594873967804,-5.007031774994353
22.375,56.01049190064849,1013.8661677415417,-5.123533512688958
22.375,56.01068830801987,1013.8192491661562,-5.05805519700099
22.380078125,55.88165120113164,1013.846610181951,-5.212236255542058
22.375,55.99402211540357,1013.836106198781,-4.927655842140828
22.3697265625,56.004873601815675,1013.8182185065992,-4.984544883658611
22.3904296875,56.01049190064849,1013.8400859158864,-4.649673904654319
22.3697265625,56.01611019015141,1013.8344361137254,-4.756852240727769
22.375,56.01611019015141,1013.8467663643326,-4.8634678423481486
22.3853515625,55.976977976943736,1013.815909023718,-4.928948928966486
22.375,56.16818965689315,1013.8733317769079,-5.095735930617778
22.375,56.02172847032441,1013.8733317769079,-5.113650937218816
22.380078125,56.02754334760127,1013.815909023718,-4.932963730427851
22.380078125,56.03316167546814,1013.870147942559,-4.983251367195329
22.3853515625,56.01049190064849,1013.8277557741905,-5.0679382766811205
22.375,56.03896943611452,1013.8593308968725,-5.081837112636325
22.3697265625,55.93203034635525,1013.8327660287385,-5.04415621702938
22.375,56.038779994004905,1013.8766719775152,-5.076525056968695
22.375,56.032775603674196,1013.8566307779968,-5.294335107558085
22.375,56.05543795543452,1013.8242593803296,-5.011049021919445
22.380078125,56.06105617029821,1013.8544771389317,-5.109634730635322
22.375,56.044201497717424,1013.867837827904,-5.318114574914528
22.375,56.055634893634426,1013.8684778293814,-5.081837112636325
22.375,56.044011970919286,1013.8699915765754,-5.156640588774469
22.375,56.04981973124092,1013.8511369673762,-5.076525056968695
22.380078125,55.97154823111999,1013.8566307779968,-4.94815427802971
22.375,56.05543795543452,1013.8394463690986,-4.960761959878908
22.380078125,56.01049190064849,1013.8649812765927,-5.113650937218816
22.3646484375,56.162182442431224,1013.8594873967804,-5.336031023362815
22.375,56.06105617029821,1013.863311176736,-5.113650937218816
22.380078125,56.06667437583199,1013.8427865396911,-5.038846604778085
22.375,55.75747294872219,1013.8326097386605,-5.365122856881966
22.3853515625,56.05543795543452,1013.8601272645258,-5.155347553724239
22.3853515625,56.10619908869629,1013.8634674902617,-5.109634730635322
22.3697265625,55.90374262741158,1013.8449400828507,-5.0679382766811205
22.375,56.0670612083229,1013.8382596871373,-4.927655842140828
22.3853515625,56.117237805790445,1013.8332493910744,-5.170539532414688
22.375,55.679374150461825,1013.8484364766161,-5.144033676184112
22.3697265625,56.072102725762456,1013.8499503803578,-4.942847944590301
22.380078125,56.20150850967201,1013.8377762839054,-5.155347553724239
22.375,56.09476526355239,1013.8125688815545,-4.677472421823204
22.3697265625,56.044201497717424,1013.8377762839054,-4.7469684003031976
22.3697265625,56.08333896239189,1013.839290026563,-4.998443827407106
22.3697265625,56.08895706671208,1013.8310959438204,-5.0679382766811205
22.3697265625,56.015724487515534,1013.8549606784837,-4.7191700628127675
22.3646484375,56.08333896239189,1013.8365895883809,-4.970645921936363
22.375,56.07752362354075,1013.8399297859625,-4.956746942240365
22.3697265625,56.17341850829239,1013.8292695951219,-4.727760802001182
22.375,56.08352893645394,1013.846610181951,-4.937538043843562
22.375,56.09476526355239,1013.8461267105589,-5.085853103042641
22.380078125,56.09476526355239,1013.8482802811201,-5.026241661022217
22.380078125,55.97135955577561,1013.8494668817018,-5.0997520291126825
22.375,56.10019324736337,1013.82878604441,-4.983251367195329
22.375,56.10638929754044,1013.8586133204028,-4.724474718560963
22.375,56.094377737446976,1013.836106198781,-4.885959009694465
22.375,56.15656439550579,1013.8501065889682,-4.970645921936363
22.380078125,56.01049190064849,1013.8566307779968,-4.915049895368919
22.380078125,56.117237805790445,1013.8332493910744,-4.970645921936363
22.380078125,56.11684975870939,1013.8327660287385,-4.854144973561116
22.375,56.20131719388094,1013.829425858971,-4.901150843807445
22.3697265625,56.12847402093006,1013.829909194043,-5.045448392804364
22.3853515625,56.128283535722055,1013.8516204796645,-5.081837112636325
22.380078125,56.128085713363795,1013.8382596871373,-4.979234336437573
22.380078125,56.22979727283065,1013.8444566250906,-4.998443827407106
22.375,56.13409211450501,1013.8516204796645,-4.885959009694465
22.375,56.12847402093006,1013.845096252118,-4.998443827407106
22.375,56.1228559180252,1013.8210754357559,-4.974661047663496
22.375,56.122467740701325,1013.8516204796645,-4.826347139729455
22.375,56.15075559847459,1013.829425858971,-4.8164639295969
22.375,56.12847402093006,1013.8432699838191,-4.859453581319886
22.375,55.814039975037595,1013.8583008775782,-4.984544883658611
22.375,56.1228559180252,1013.829909194043,-4.901150843807445
22.380078125,56.13390156540473,1013.8716616767073,-4.942847944590301
22.380078125,56.1563735908385,1013.8449400828507,-4.817756157127624
22.380078125,56.111817285941434,1013.8221058126858,-4.887251774282062
22.3697265625,56.162182442431224,1013.8499503803578,-4.8164639295969
22.3853515625,56.16199157387271,1013.8461267105589,-5.038846604778085
22.375,56.17341850829239,1013.8127250142601,-4.7760585712208155
22.380078125,55.97116361289082,1013.8060446783011,-4.873352686782928
22.375,56.139908132215275,1013.8192491661562,-4.885959009694465
22.375,56.14552627347966,1013.8260856894788,-4.932963730427851
22.375,56.15656439550579,1013.853446813879,-4.887251774282062
22.375,56.15075559847459,1013.8365895883809,-4.706562235332874
22.375,56.161793353419746,1013.8382596871373,-4.845554457892936
22.380078125,56.1563735908385,1013.845096252118,-5.087145601045842
22.375,56.15656439550579,1013.8377762839054,-5.0679382766811205
22.380078125,56.16199157387271,1013.8499503803578,-4.687356892520105
22.3853515625,56.15676252801808,1013.8566307779968,-4.955453640595895
22.3646484375,56.16780048002676,1013.8551169264375,-4.974661047663496
22.3646484375,56.16780048002676,1013.8461267105589,-4.956746942240365
22.3697265625,56.08352893645394,1013.846610181951,-5.017650164130922
22.375,56.35880820698271,1013.8499503803578,-4.887251774282062
22.3853515625,56.18485300108694,1013.8143950984216,-4.663573172215793
22.375,56.17341850829239,1013.829909194043,-4.733069240544858
22.375,56.167998745236,1013.8567870390649,-5.213528841612702
22.380078125,56.17903652722813,1013.8365895883809,-4.873352686782928
22.3853515625,56.18485300108694,1013.845970315566,-4.901150843807445
22.375,56.16760954757725,1013.8292695951219,-4.7760585712208155
22.3646484375,56.18426492686769,1013.8399297859625,-4.659558627466058
22.3646484375,56.173227511952085,1013.8110549301673,-4.864758621751639
22.375,56.184463412712695,1013.7993643434427,-4.7939715050624665
22.380078125,56.1563735908385,1013.8143950984216,-4.789957784486994
